[Molden Format]
[Atoms] (Angs)
  C      1    6     -0.00714236     -1.70213747     -0.00000000
  H      2    1     -2.06882847     -1.44022412      0.00000000
  H      3    1     -0.12337987     -2.77567521      0.00000000
  H      4    1      0.04651892      1.98813947     -0.00000000
  C      5    6     -1.21953563      0.40211669      0.00000000
  O      6    8     -2.25921553      1.03043814      0.00000000
  C      7    6      1.28797806      0.34644937     -0.00000000
  O      8    8      2.31273661      1.00537216     -0.00000000
  N      9    7      0.03446295      0.97739857     -0.00000000
  N     10    7     -1.17287765     -0.98229824      0.00000000
  C     11    6      1.20107039     -1.10433419     -0.00000000
  H     12    1      2.11220096     -1.67699125     -0.00000000
[GTO]
1    0
S    1    1.000000
   4.56324000E+03    1.96665000E-03 
S    1    1.000000
   6.82024000E+02    1.52306000E-02 
S    1    1.000000
   1.54973000E+02    7.61269000E-02 
S    1    1.000000
   4.44553000E+01    2.60801000E-01 
S    1    1.000000
   1.30290000E+01    6.16462000E-01 
S    1    1.000000
   1.82773000E+00    2.21006000E-01 
SP   3    1.000000
   2.09642000E+01    1.14660000E-01   4.02487000E-02 
   4.80331000E+00    9.19999000E-01   2.37594000E-01 
   1.45933000E+00   -3.03068000E-03   8.15854000E-01 
SP   1    1.000000
   4.83456000E-01    1.00000000E+00   1.00000000E+00 
SP   1    1.000000
   1.45585000E-01    1.00000000E+00   1.00000000E+00 
SP   1    1.000000
   4.38000000E-02    1.00000000E+00   1.00000000E+00 
SP   1    1.000000
   1.31927711E-02    1.00000000E+00   1.00000000E+00 
D    1    1.000000
   6.26000000E-01    1.00000000E+00 

2    0
S    3    1.000000
   3.38650000E+01    2.54938000E-02 
   5.09479000E+00    1.90373000E-01 
   1.15879000E+00    8.52161000E-01 
S    1    1.000000
   3.25840000E-01    1.00000000E+00 
S    1    1.000000
   1.02741000E-01    1.00000000E+00 
S    1    1.000000
   3.60000000E-02    1.00000000E+00 
P    1    1.000000
   7.50000000E-01    1.00000000E+00 

3    0
S    3    1.000000
   3.38650000E+01    2.54938000E-02 
   5.09479000E+00    1.90373000E-01 
   1.15879000E+00    8.52161000E-01 
S    1    1.000000
   3.25840000E-01    1.00000000E+00 
S    1    1.000000
   1.02741000E-01    1.00000000E+00 
S    1    1.000000
   3.60000000E-02    1.00000000E+00 
P    1    1.000000
   7.50000000E-01    1.00000000E+00 

4    0
S    3    1.000000
   3.38650000E+01    2.54938000E-02 
   5.09479000E+00    1.90373000E-01 
   1.15879000E+00    8.52161000E-01 
S    1    1.000000
   3.25840000E-01    1.00000000E+00 
S    1    1.000000
   1.02741000E-01    1.00000000E+00 
S    1    1.000000
   3.60000000E-02    1.00000000E+00 
P    1    1.000000
   7.50000000E-01    1.00000000E+00 

5    0
S    1    1.000000
   4.56324000E+03    1.96665000E-03 
S    1    1.000000
   6.82024000E+02    1.52306000E-02 
S    1    1.000000
   1.54973000E+02    7.61269000E-02 
S    1    1.000000
   4.44553000E+01    2.60801000E-01 
S    1    1.000000
   1.30290000E+01    6.16462000E-01 
S    1    1.000000
   1.82773000E+00    2.21006000E-01 
SP   3    1.000000
   2.09642000E+01    1.14660000E-01   4.02487000E-02 
   4.80331000E+00    9.19999000E-01   2.37594000E-01 
   1.45933000E+00   -3.03068000E-03   8.15854000E-01 
SP   1    1.000000
   4.83456000E-01    1.00000000E+00   1.00000000E+00 
SP   1    1.000000
   1.45585000E-01    1.00000000E+00   1.00000000E+00 
SP   1    1.000000
   4.38000000E-02    1.00000000E+00   1.00000000E+00 
SP   1    1.000000
   1.31927711E-02    1.00000000E+00   1.00000000E+00 
D    1    1.000000
   6.26000000E-01    1.00000000E+00 

6    0
S    1    1.000000
   8.58850000E+03    1.89515000E-03 
S    1    1.000000
   1.29723000E+03    1.43859000E-02 
S    1    1.000000
   2.99296000E+02    7.07320000E-02 
S    1    1.000000
   8.73771000E+01    2.40001000E-01 
S    1    1.000000
   2.56789000E+01    5.94797000E-01 
S    1    1.000000
   3.74004000E+00    2.80802000E-01 
SP   3    1.000000
   4.21175000E+01    1.13889000E-01   3.65114000E-02 
   9.62837000E+00    9.20811000E-01   2.37153000E-01 
   2.85332000E+00   -3.27447000E-03   8.19702000E-01 
SP   1    1.000000
   9.05661000E-01    1.00000000E+00   1.00000000E+00 
SP   1    1.000000
   2.55611000E-01    1.00000000E+00   1.00000000E+00 
SP   1    1.000000
   8.45000000E-02    1.00000000E+00   1.00000000E+00 
SP   1    1.000000
   2.54518072E-02    1.00000000E+00   1.00000000E+00 
D    1    1.000000
   1.29200000E+00    1.00000000E+00 

7    0
S    1    1.000000
   4.56324000E+03    1.96665000E-03 
S    1    1.000000
   6.82024000E+02    1.52306000E-02 
S    1    1.000000
   1.54973000E+02    7.61269000E-02 
S    1    1.000000
   4.44553000E+01    2.60801000E-01 
S    1    1.000000
   1.30290000E+01    6.16462000E-01 
S    1    1.000000
   1.82773000E+00    2.21006000E-01 
SP   3    1.000000
   2.09642000E+01    1.14660000E-01   4.02487000E-02 
   4.80331000E+00    9.19999000E-01   2.37594000E-01 
   1.45933000E+00   -3.03068000E-03   8.15854000E-01 
SP   1    1.000000
   4.83456000E-01    1.00000000E+00   1.00000000E+00 
SP   1    1.000000
   1.45585000E-01    1.00000000E+00   1.00000000E+00 
SP   1    1.000000
   4.38000000E-02    1.00000000E+00   1.00000000E+00 
SP   1    1.000000
   1.31927711E-02    1.00000000E+00   1.00000000E+00 
D    1    1.000000
   6.26000000E-01    1.00000000E+00 

8    0
S    1    1.000000
   8.58850000E+03    1.89515000E-03 
S    1    1.000000
   1.29723000E+03    1.43859000E-02 
S    1    1.000000
   2.99296000E+02    7.07320000E-02 
S    1    1.000000
   8.73771000E+01    2.40001000E-01 
S    1    1.000000
   2.56789000E+01    5.94797000E-01 
S    1    1.000000
   3.74004000E+00    2.80802000E-01 
SP   3    1.000000
   4.21175000E+01    1.13889000E-01   3.65114000E-02 
   9.62837000E+00    9.20811000E-01   2.37153000E-01 
   2.85332000E+00   -3.27447000E-03   8.19702000E-01 
SP   1    1.000000
   9.05661000E-01    1.00000000E+00   1.00000000E+00 
SP   1    1.000000
   2.55611000E-01    1.00000000E+00   1.00000000E+00 
SP   1    1.000000
   8.45000000E-02    1.00000000E+00   1.00000000E+00 
SP   1    1.000000
   2.54518072E-02    1.00000000E+00   1.00000000E+00 
D    1    1.000000
   1.29200000E+00    1.00000000E+00 

9    0
S    1    1.000000
   6.29348000E+03    1.96979000E-03 
S    1    1.000000
   9.49044000E+02    1.49613000E-02 
S    1    1.000000
   2.18776000E+02    7.35006000E-02 
S    1    1.000000
   6.36916000E+01    2.48937000E-01 
S    1    1.000000
   1.88282000E+01    6.02460000E-01 
S    1    1.000000
   2.72023000E+00    2.56202000E-01 
SP   3    1.000000
   3.06331000E+01    1.11906000E-01   3.83119000E-02 
   7.02614000E+00    9.21666000E-01   2.37403000E-01 
   2.11205000E+00   -2.56919000E-03   8.17592000E-01 
SP   1    1.000000
   6.84009000E-01    1.00000000E+00   1.00000000E+00 
SP   1    1.000000
   2.00878000E-01    1.00000000E+00   1.00000000E+00 
SP   1    1.000000
   6.39000000E-02    1.00000000E+00   1.00000000E+00 
SP   1    1.000000
   1.92469880E-02    1.00000000E+00   1.00000000E+00 
D    1    1.000000
   9.13000000E-01    1.00000000E+00 

10    0
S    1    1.000000
   6.29348000E+03    1.96979000E-03 
S    1    1.000000
   9.49044000E+02    1.49613000E-02 
S    1    1.000000
   2.18776000E+02    7.35006000E-02 
S    1    1.000000
   6.36916000E+01    2.48937000E-01 
S    1    1.000000
   1.88282000E+01    6.02460000E-01 
S    1    1.000000
   2.72023000E+00    2.56202000E-01 
SP   3    1.000000
   3.06331000E+01    1.11906000E-01   3.83119000E-02 
   7.02614000E+00    9.21666000E-01   2.37403000E-01 
   2.11205000E+00   -2.56919000E-03   8.17592000E-01 
SP   1    1.000000
   6.84009000E-01    1.00000000E+00   1.00000000E+00 
SP   1    1.000000
   2.00878000E-01    1.00000000E+00   1.00000000E+00 
SP   1    1.000000
   6.39000000E-02    1.00000000E+00   1.00000000E+00 
SP   1    1.000000
   1.92469880E-02    1.00000000E+00   1.00000000E+00 
D    1    1.000000
   9.13000000E-01    1.00000000E+00 

11    0
S    1    1.000000
   4.56324000E+03    1.96665000E-03 
S    1    1.000000
   6.82024000E+02    1.52306000E-02 
S    1    1.000000
   1.54973000E+02    7.61269000E-02 
S    1    1.000000
   4.44553000E+01    2.60801000E-01 
S    1    1.000000
   1.30290000E+01    6.16462000E-01 
S    1    1.000000
   1.82773000E+00    2.21006000E-01 
SP   3    1.000000
   2.09642000E+01    1.14660000E-01   4.02487000E-02 
   4.80331000E+00    9.19999000E-01   2.37594000E-01 
   1.45933000E+00   -3.03068000E-03   8.15854000E-01 
SP   1    1.000000
   4.83456000E-01    1.00000000E+00   1.00000000E+00 
SP   1    1.000000
   1.45585000E-01    1.00000000E+00   1.00000000E+00 
SP   1    1.000000
   4.38000000E-02    1.00000000E+00   1.00000000E+00 
SP   1    1.000000
   1.31927711E-02    1.00000000E+00   1.00000000E+00 
D    1    1.000000
   6.26000000E-01    1.00000000E+00 

12    0
S    3    1.000000
   3.38650000E+01    2.54938000E-02 
   5.09479000E+00    1.90373000E-01 
   1.15879000E+00    8.52161000E-01 
S    1    1.000000
   3.25840000E-01    1.00000000E+00 
S    1    1.000000
   1.02741000E-01    1.00000000E+00 
S    1    1.000000
   3.60000000E-02    1.00000000E+00 
P    1    1.000000
   7.50000000E-01    1.00000000E+00 

[MO]
Sym=X
Ene=0.000891
Spin=Alpha
Occup=1
1    0.000462912493
2    0.00358367784
3    0.0178769641
4    0.0613766676
5    0.144993557
6    0.052831511
7    0.194133347
8    -0.0003985441
9    0.000154907598
10    1.55319857e-15
11    0.000968340943
12    0.000634171322
13    0.000133553258
14    4.2038031e-15
15    -6.98990447e-05
16    -0.000191819171
17    2.07729551e-06
18    -4.84756392e-17
19    0.00160362822
20    3.7478834e-05
21    0.00058244839
22    7.32687741e-14
23    9.36277897e-05
24    -0.000121673461
25    -9.03606973e-05
26    -1.75089012e-14
27    0.000243651743
28    1.08026483e-16
29    -9.59356244e-05
30    1.17717356e-15
31    0.000127063699
32    4.26312218e-05
33    4.95012619e-05
34    0.000108751892
35    0.00022175248
36    5.65079026e-05
37    2.11376212e-05
38    -8.11167511e-17
39    0.000179957186
40    0.000238810706
41    -9.59580999e-05
42    0.000451543112
43    3.78908474e-05
44    0.000168526811
45    6.60001744e-16
46    4.00583545e-05
47    3.77171692e-05
48    4.7726388e-05
49    0.000140201639
50    -1.87245387e-06
51    -4.40314276e-05
52    -6.47650173e-16
53    0.000880657463
54    0.00681761506
55    0.0340101883
56    0.116764354
57    0.275853737
58    0.100300297
59    0.369470613
60    0.000504415208
61    -0.000346235786
62    -1.18184508e-15
63    0.00137922772
64    -0.000564460446
65    0.000341644832
66    -7.90401065e-15
67    0.000970087565
68    -0.000243310504
69    0.000148563109
70    3.21281203e-15
71    7.5831577e-05
72    -0.000809117125
73    0.000542177217
74    5.62390744e-14
75    -0.000405192311
76    6.94073334e-07
77    9.88351735e-05
78    3.70601039e-14
79    -0.000225845414
80    -1.31541181e-15
81    -0.00018608486
82    9.44173725e-16
83    0.000113898713
84    -2.86737904e-07
85    -2.08943439e-06
86    -1.10564812e-05
87    -3.49751391e-05
88    -0.000108422605
89    -0.000157329173
90    -0.000143267485
91    0.000165092703
92    -0.000100562375
93    -2.15565254e-15
94    0.000516241239
95    0.000444387372
96    -0.000267846054
97    -3.37354166e-15
98    -0.000399573473
99    -0.000288518414
100    0.000166213766
101    -4.66739158e-15
102    -0.000658972966
103    6.75325947e-05
104    -1.77678557e-05
105    -1.00546662e-14
106    -0.00136081213
107    -0.00020057497
108    0.000183328053
109    -7.53864655e-15
110    -0.000190531596
111    3.31312718e-16
112    -9.13582073e-05
113    -1.8419998e-16
114    9.93559127e-05
115    0.000163134443
116    0.00126295094
117    0.00629994597
118    0.0216300523
119    0.0510862851
120    0.0184915563
121    0.0684617151
122    -9.4590398e-05
123    4.78948596e-05
124    1.61049734e-15
125    0.000546848383
126    4.93788153e-05
127    -0.000344127218
128    5.81625676e-15
129    0.000106463606
130    0.000402426445
131    0.000497211278
132    -1.77682756e-15
133    0.00145647795
134    0.000114773925
135    0.000224952795
136    1.09906257e-13
137    0.000316275529
138    -9.68960631e-05
139    -0.000122211688
140    -1.51502e-14
141    8.12821421e-05
142    -8.02916007e-16
143    -6.692115e-05
144    9.60690517e-16
145    -0.000145770101
146    -9.73953614e-09
147    -3.33863199e-08
148    -4.83710834e-07
149    -5.20212038e-07
150    -1.16744242e-05
151    -4.67073617e-05
152    8.28924838e-06
153    -2.56535746e-05
154    -8.65947467e-06
155    2.04298447e-15
156    0.000150148453
157    -0.000121665668
158    -8.27340607e-05
159    8.05537869e-17
160    -0.000183006765
161    0.000137096567
162    6.04901871e-05
163    1.06938561e-14
164    -0.000960052261
165    0.000210412997
166    7.41341112e-05
167    -1.1990553e-14
168    -0.00114004495
169    0.000270030961
170    0.000122127211
171    -4.60017339e-15
172    4.9205829e-05
173    -2.93771137e-16
174    -1.76947295e-05
175    -4.41183867e-16
176    7.90896874e-06
177    -2.54355734e-07
178    -1.76789217e-06
179    -9.97930206e-06
180    -2.92822769e-05
181    -0.000115615888
182    -0.000247286493
183    -4.26058521e-05
184    -6.17029375e-05
185    -3.13234486e-05
186    1.44934269e-15
187    0.000569476839
188    -0.000359874878
189    -0.000309719055
190    -5.99923492e-15
191    8.07396445e-05
192    2.59455048e-05
193    -0.000119383041
194    1.70918146e-14
195    -0.000174198711
196    0.000196427348
197    -0.000147638499
198    -6.21679502e-14
199    0.000694731439
200    0.000138942256
201    -9.99582839e-05
202    -3.36282979e-14
203    0.000130069028
204    -1.30796447e-17
205    -9.96598949e-05
206    1.04150785e-15
207    0.000206041919
208    -2.73938502e-07
209    -1.87675525e-06
210    -1.08364971e-05
211    -3.11130268e-05
212    -0.000131107083
213    -0.000309322261
214    -3.78940111e-05
215    2.17067471e-05
216    5.07963726e-05
217    1.44075788e-15
218    0.000751089322
219    0.000323026284
220    0.000356799673
221    -4.24038185e-15
222    2.89211941e-05
223    0.000102096491
224    -1.55917203e-05
225    9.95115333e-15
226    -0.000470605344
227    0.000131895085
228    9.11635059e-05
229    -4.56464341e-14
230    0.000172580164
231    -0.000230185434
232    0.000409827859
233    -3.32205312e-14
234    -0.000171222511
235    -9.33448149e-16
236    -0.000140182292
237    7.34773569e-16
238    -0.000158653213
239    0.000462856587
240    0.00358326611
241    0.0178746817
242    0.0613710031
243    0.144982388
244    0.0530247217
245    0.19400904
246    -0.000132257079
247    7.70022936e-05
248    3.8197615e-15
249    0.000933954563
250    -0.000160291122
251    -1.91890972e-05
252    2.57790216e-15
253    0.000512124222
254    -0.000168521415
255    0.00014723687
256    1.84178686e-14
257    -0.000969920247
258    0.000241260603
259    -7.67877147e-05
260    -8.67550921e-14
261    4.8245124e-05
262    4.51651892e-05
263    7.11177907e-05
264    4.01116317e-14
265    0.000121124181
266    4.55531365e-16
267    -2.0376887e-05
268    -4.58985036e-16
269    5.7599394e-05
270    0.000176182233
271    0.000252167016
272    -5.01637267e-05
273    3.27139515e-05
274    -0.000163184701
275    7.41721642e-05
276    1.50684255e-15
[5D]