[Molden Format]
[Atoms] (Angs)
  C      1    6     -0.00714236     -1.70213747     -0.00000000
  H      2    1     -2.06882847     -1.44022412      0.00000000
  H      3    1     -0.12337987     -2.77567521      0.00000000
  H      4    1      0.04651892      1.98813947     -0.00000000
  C      5    6     -1.21953563      0.40211669      0.00000000
  O      6    8     -2.25921553      1.03043814      0.00000000
  C      7    6      1.28797806      0.34644937     -0.00000000
  O      8    8      2.31273661      1.00537216     -0.00000000
  N      9    7      0.03446295      0.97739857     -0.00000000
  N     10    7     -1.17287765     -0.98229824      0.00000000
  C     11    6      1.20107039     -1.10433419     -0.00000000
  H     12    1      2.11220096     -1.67699125     -0.00000000
[GTO]
1    0
S    1    1.000000
   4.56324000E+03    1.96665000E-03 
S    1    1.000000
   6.82024000E+02    1.52306000E-02 
S    1    1.000000
   1.54973000E+02    7.61269000E-02 
S    1    1.000000
   4.44553000E+01    2.60801000E-01 
S    1    1.000000
   1.30290000E+01    6.16462000E-01 
S    1    1.000000
   1.82773000E+00    2.21006000E-01 
SP   3    1.000000
   2.09642000E+01    1.14660000E-01   4.02487000E-02 
   4.80331000E+00    9.19999000E-01   2.37594000E-01 
   1.45933000E+00   -3.03068000E-03   8.15854000E-01 
SP   1    1.000000
   4.83456000E-01    1.00000000E+00   1.00000000E+00 
SP   1    1.000000
   1.45585000E-01    1.00000000E+00   1.00000000E+00 
SP   1    1.000000
   4.38000000E-02    1.00000000E+00   1.00000000E+00 
SP   1    1.000000
   1.31927711E-02    1.00000000E+00   1.00000000E+00 
D    1    1.000000
   6.26000000E-01    1.00000000E+00 

2    0
S    3    1.000000
   3.38650000E+01    2.54938000E-02 
   5.09479000E+00    1.90373000E-01 
   1.15879000E+00    8.52161000E-01 
S    1    1.000000
   3.25840000E-01    1.00000000E+00 
S    1    1.000000
   1.02741000E-01    1.00000000E+00 
S    1    1.000000
   3.60000000E-02    1.00000000E+00 
P    1    1.000000
   7.50000000E-01    1.00000000E+00 

3    0
S    3    1.000000
   3.38650000E+01    2.54938000E-02 
   5.09479000E+00    1.90373000E-01 
   1.15879000E+00    8.52161000E-01 
S    1    1.000000
   3.25840000E-01    1.00000000E+00 
S    1    1.000000
   1.02741000E-01    1.00000000E+00 
S    1    1.000000
   3.60000000E-02    1.00000000E+00 
P    1    1.000000
   7.50000000E-01    1.00000000E+00 

4    0
S    3    1.000000
   3.38650000E+01    2.54938000E-02 
   5.09479000E+00    1.90373000E-01 
   1.15879000E+00    8.52161000E-01 
S    1    1.000000
   3.25840000E-01    1.00000000E+00 
S    1    1.000000
   1.02741000E-01    1.00000000E+00 
S    1    1.000000
   3.60000000E-02    1.00000000E+00 
P    1    1.000000
   7.50000000E-01    1.00000000E+00 

5    0
S    1    1.000000
   4.56324000E+03    1.96665000E-03 
S    1    1.000000
   6.82024000E+02    1.52306000E-02 
S    1    1.000000
   1.54973000E+02    7.61269000E-02 
S    1    1.000000
   4.44553000E+01    2.60801000E-01 
S    1    1.000000
   1.30290000E+01    6.16462000E-01 
S    1    1.000000
   1.82773000E+00    2.21006000E-01 
SP   3    1.000000
   2.09642000E+01    1.14660000E-01   4.02487000E-02 
   4.80331000E+00    9.19999000E-01   2.37594000E-01 
   1.45933000E+00   -3.03068000E-03   8.15854000E-01 
SP   1    1.000000
   4.83456000E-01    1.00000000E+00   1.00000000E+00 
SP   1    1.000000
   1.45585000E-01    1.00000000E+00   1.00000000E+00 
SP   1    1.000000
   4.38000000E-02    1.00000000E+00   1.00000000E+00 
SP   1    1.000000
   1.31927711E-02    1.00000000E+00   1.00000000E+00 
D    1    1.000000
   6.26000000E-01    1.00000000E+00 

6    0
S    1    1.000000
   8.58850000E+03    1.89515000E-03 
S    1    1.000000
   1.29723000E+03    1.43859000E-02 
S    1    1.000000
   2.99296000E+02    7.07320000E-02 
S    1    1.000000
   8.73771000E+01    2.40001000E-01 
S    1    1.000000
   2.56789000E+01    5.94797000E-01 
S    1    1.000000
   3.74004000E+00    2.80802000E-01 
SP   3    1.000000
   4.21175000E+01    1.13889000E-01   3.65114000E-02 
   9.62837000E+00    9.20811000E-01   2.37153000E-01 
   2.85332000E+00   -3.27447000E-03   8.19702000E-01 
SP   1    1.000000
   9.05661000E-01    1.00000000E+00   1.00000000E+00 
SP   1    1.000000
   2.55611000E-01    1.00000000E+00   1.00000000E+00 
SP   1    1.000000
   8.45000000E-02    1.00000000E+00   1.00000000E+00 
SP   1    1.000000
   2.54518072E-02    1.00000000E+00   1.00000000E+00 
D    1    1.000000
   1.29200000E+00    1.00000000E+00 

7    0
S    1    1.000000
   4.56324000E+03    1.96665000E-03 
S    1    1.000000
   6.82024000E+02    1.52306000E-02 
S    1    1.000000
   1.54973000E+02    7.61269000E-02 
S    1    1.000000
   4.44553000E+01    2.60801000E-01 
S    1    1.000000
   1.30290000E+01    6.16462000E-01 
S    1    1.000000
   1.82773000E+00    2.21006000E-01 
SP   3    1.000000
   2.09642000E+01    1.14660000E-01   4.02487000E-02 
   4.80331000E+00    9.19999000E-01   2.37594000E-01 
   1.45933000E+00   -3.03068000E-03   8.15854000E-01 
SP   1    1.000000
   4.83456000E-01    1.00000000E+00   1.00000000E+00 
SP   1    1.000000
   1.45585000E-01    1.00000000E+00   1.00000000E+00 
SP   1    1.000000
   4.38000000E-02    1.00000000E+00   1.00000000E+00 
SP   1    1.000000
   1.31927711E-02    1.00000000E+00   1.00000000E+00 
D    1    1.000000
   6.26000000E-01    1.00000000E+00 

8    0
S    1    1.000000
   8.58850000E+03    1.89515000E-03 
S    1    1.000000
   1.29723000E+03    1.43859000E-02 
S    1    1.000000
   2.99296000E+02    7.07320000E-02 
S    1    1.000000
   8.73771000E+01    2.40001000E-01 
S    1    1.000000
   2.56789000E+01    5.94797000E-01 
S    1    1.000000
   3.74004000E+00    2.80802000E-01 
SP   3    1.000000
   4.21175000E+01    1.13889000E-01   3.65114000E-02 
   9.62837000E+00    9.20811000E-01   2.37153000E-01 
   2.85332000E+00   -3.27447000E-03   8.19702000E-01 
SP   1    1.000000
   9.05661000E-01    1.00000000E+00   1.00000000E+00 
SP   1    1.000000
   2.55611000E-01    1.00000000E+00   1.00000000E+00 
SP   1    1.000000
   8.45000000E-02    1.00000000E+00   1.00000000E+00 
SP   1    1.000000
   2.54518072E-02    1.00000000E+00   1.00000000E+00 
D    1    1.000000
   1.29200000E+00    1.00000000E+00 

9    0
S    1    1.000000
   6.29348000E+03    1.96979000E-03 
S    1    1.000000
   9.49044000E+02    1.49613000E-02 
S    1    1.000000
   2.18776000E+02    7.35006000E-02 
S    1    1.000000
   6.36916000E+01    2.48937000E-01 
S    1    1.000000
   1.88282000E+01    6.02460000E-01 
S    1    1.000000
   2.72023000E+00    2.56202000E-01 
SP   3    1.000000
   3.06331000E+01    1.11906000E-01   3.83119000E-02 
   7.02614000E+00    9.21666000E-01   2.37403000E-01 
   2.11205000E+00   -2.56919000E-03   8.17592000E-01 
SP   1    1.000000
   6.84009000E-01    1.00000000E+00   1.00000000E+00 
SP   1    1.000000
   2.00878000E-01    1.00000000E+00   1.00000000E+00 
SP   1    1.000000
   6.39000000E-02    1.00000000E+00   1.00000000E+00 
SP   1    1.000000
   1.92469880E-02    1.00000000E+00   1.00000000E+00 
D    1    1.000000
   9.13000000E-01    1.00000000E+00 

10    0
S    1    1.000000
   6.29348000E+03    1.96979000E-03 
S    1    1.000000
   9.49044000E+02    1.49613000E-02 
S    1    1.000000
   2.18776000E+02    7.35006000E-02 
S    1    1.000000
   6.36916000E+01    2.48937000E-01 
S    1    1.000000
   1.88282000E+01    6.02460000E-01 
S    1    1.000000
   2.72023000E+00    2.56202000E-01 
SP   3    1.000000
   3.06331000E+01    1.11906000E-01   3.83119000E-02 
   7.02614000E+00    9.21666000E-01   2.37403000E-01 
   2.11205000E+00   -2.56919000E-03   8.17592000E-01 
SP   1    1.000000
   6.84009000E-01    1.00000000E+00   1.00000000E+00 
SP   1    1.000000
   2.00878000E-01    1.00000000E+00   1.00000000E+00 
SP   1    1.000000
   6.39000000E-02    1.00000000E+00   1.00000000E+00 
SP   1    1.000000
   1.92469880E-02    1.00000000E+00   1.00000000E+00 
D    1    1.000000
   9.13000000E-01    1.00000000E+00 

11    0
S    1    1.000000
   4.56324000E+03    1.96665000E-03 
S    1    1.000000
   6.82024000E+02    1.52306000E-02 
S    1    1.000000
   1.54973000E+02    7.61269000E-02 
S    1    1.000000
   4.44553000E+01    2.60801000E-01 
S    1    1.000000
   1.30290000E+01    6.16462000E-01 
S    1    1.000000
   1.82773000E+00    2.21006000E-01 
SP   3    1.000000
   2.09642000E+01    1.14660000E-01   4.02487000E-02 
   4.80331000E+00    9.19999000E-01   2.37594000E-01 
   1.45933000E+00   -3.03068000E-03   8.15854000E-01 
SP   1    1.000000
   4.83456000E-01    1.00000000E+00   1.00000000E+00 
SP   1    1.000000
   1.45585000E-01    1.00000000E+00   1.00000000E+00 
SP   1    1.000000
   4.38000000E-02    1.00000000E+00   1.00000000E+00 
SP   1    1.000000
   1.31927711E-02    1.00000000E+00   1.00000000E+00 
D    1    1.000000
   6.26000000E-01    1.00000000E+00 

12    0
S    3    1.000000
   3.38650000E+01    2.54938000E-02 
   5.09479000E+00    1.90373000E-01 
   1.15879000E+00    8.52161000E-01 
S    1    1.000000
   3.25840000E-01    1.00000000E+00 
S    1    1.000000
   1.02741000E-01    1.00000000E+00 
S    1    1.000000
   3.60000000E-02    1.00000000E+00 
P    1    1.000000
   7.50000000E-01    1.00000000E+00 

[MO]
Sym=X
Ene=0.295763
Spin=Alpha
Occup=1
1    6.08982657e-05
2    0.000471524814
3    0.00235178492
4    0.00807671335
5    0.0190628161
6    0.00699717065
7    0.0256386317
8    -0.000192692053
9    -5.53320848e-05
10    -5.97905546e-16
11    -0.000423915747
12    -0.000511967823
13    -0.000312968731
14    1.8103025e-15
15    0.0010761243
16    0.000281982005
17    0.000639125886
18    -3.56152692e-16
19    0.00283120787
20    9.71977328e-05
21    0.00147073158
22    -4.98417196e-14
23    0.000206931359
24    -1.18134681e-05
25    0.000283819013
26    7.33062714e-14
27    -0.000283467086
28    1.86250363e-16
29    9.57337352e-06
30    7.04330582e-16
31    -0.000204043301
32    -6.8623422e-06
33    -4.83337138e-05
34    -0.000123870689
35    -0.000360268832
36    -1.27888926e-05
37    6.13818325e-06
38    -1.34719226e-15
39    -7.77192277e-06
40    -5.29865778e-05
41    0.000423740682
42    0.000691616362
43    -5.78507443e-05
44    -5.34481626e-05
45    -6.15125376e-17
46    -1.69065089e-05
47    -4.94530612e-05
48    -3.14480564e-05
49    -0.000206284572
50    -3.74710103e-06
51    1.06889646e-05
52    1.08284203e-15
53    -7.66556885e-07
54    -5.96165373e-06
55    -2.95430193e-05
56    -0.000102194485
57    -0.000234201118
58    -5.68652725e-05
59    -0.000339276478
60    5.70930553e-06
61    -2.61287905e-06
62    -1.71894676e-15
63    -7.77045544e-05
64    -1.58105689e-05
65    1.01454712e-05
66    -2.01776639e-16
67    0.000615239009
68    0.000515934095
69    -0.000273172316
70    -4.66375434e-15
71    -0.000132181394
72    0.00020681577
73    0.000152093228
74    -7.29292372e-14
75    9.28191554e-06
76    0.000105322862
77    -3.67898031e-05
78    -5.7765617e-14
79    -5.01416602e-06
80    4.62350796e-16
81    -9.33223202e-06
82    1.0535152e-15
83    -9.85206437e-06
84    1.53012367e-09
85    2.95233375e-09
86    7.72447243e-08
87    2.85510398e-08
88    2.36390334e-06
89    8.86745714e-06
90    -4.56517517e-06
91    2.39136326e-06
92    -6.31691963e-07
93    -6.63606325e-16
94    -2.32659606e-05
95    -1.49764711e-05
96    4.19671895e-06
97    -2.39644598e-15
98    0.000108207745
99    5.09393562e-05
100    -3.01727146e-05
101    -2.70999997e-15
102    0.000604861142
103    0.000156331119
104    -8.78833539e-05
105    2.82776778e-15
106    8.10530672e-05
107    -7.37300555e-05
108    -0.000134291764
109    2.78761205e-14
110    -2.6987731e-07
111    9.09336956e-17
112    -1.25703153e-06
113    -4.27224644e-16
114    -2.23314679e-06
115    -0.000154250394
116    -0.00119415142
117    -0.00595684296
118    -0.0204513216
119    -0.0483052018
120    -0.0174512518
121    -0.0647033367
122    0.000109885309
123    1.14396131e-05
124    3.9186547e-15
125    -0.000770557768
126    -7.83918477e-05
127    0.00065635586
128    3.10806847e-15
129    0.000401426755
130    -0.000483641431
131    -0.000972022563
132    1.3110892e-14
133    0.0021714949
134    -0.000787169271
135    -0.0013769856
136    -6.1416514e-14
137    0.000344402563
138    0.000120131048
139    -1.12967121e-05
140    4.27940628e-14
141    -0.000102999825
142    2.77020931e-16
143    0.000106988496
144    3.47924144e-16
145    0.00035350738
146    4.37840181e-08
147    2.82438967e-07
148    1.77164127e-06
149    4.64747765e-06
150    2.46871542e-05
151    6.20882357e-05
152    -1.65208468e-06
153    2.11324872e-05
154    -3.97373468e-06
155    1.75146408e-15
156    -0.000162912574
157    0.000122205796
158    9.34619551e-05
159    5.2749949e-15
160    0.000237357271
161    -0.00015707485
162    -1.79880373e-05
163    3.01873987e-15
164    0.00087647393
165    -0.000108042409
166    -2.19794979e-05
167    1.3159375e-14
168    0.00211705161
169    -0.000441933772
170    -0.000114098315
171    4.25876422e-15
172    -6.35820562e-05
173    -6.21245776e-16
174    1.75288064e-05
175    -6.20015639e-16
176    8.42458552e-06
177    2.89520971e-08
178    1.52658946e-07
179    1.24587119e-06
180    2.37474695e-06
181    2.33669146e-05
182    7.63573078e-05
183    -2.54490483e-05
184    1.74867138e-05
185    -8.15383711e-06
186    -1.00274881e-15
187    -0.000126399724
188    -0.000184336525
189    8.25385267e-05
190    6.09561979e-15
191    -0.000291913837
192    0.000213963552
193    0.000241806507
194    -1.34464515e-14
195    -0.000470152768
196    0.000403181779
197    0.000273158007
198    5.44490684e-14
199    -0.000742801154
200    -0.000690900829
201    0.000173793637
202    3.78602569e-14
203    7.21932588e-05
204    -2.57877544e-16
205    2.18241735e-05
206    6.33871594e-16
207    -4.64103522e-05
208    -3.44498408e-08
209    -3.06804641e-07
210    -1.19364548e-06
211    -5.28326919e-06
212    -1.59078099e-06
213    3.34277752e-05
214    -4.51430818e-05
215    3.11191278e-05
216    -1.04968963e-05
217    -2.78379938e-15
218    -3.16384541e-05
219    -5.86530136e-05
220    1.65331397e-05
221    2.20430833e-15
222    -0.000300881228
223    -0.000151073603
224    -0.00018783214
225    -1.39802919e-14
226    -0.00105994707
227    -0.000503549822
228    -0.000253973417
229    4.79625353e-14
230    -0.000694590294
231    -5.91851909e-05
232    -0.000269821945
233    4.50407852e-15
234    9.87789034e-06
235    -5.71329091e-17
236    5.13195472e-06
237    2.23115298e-16
238    -2.92282095e-05
239    -0.00109666653
240    -0.00849010919
241    -0.0423511694
242    -0.145412244
243    -0.343491924
244    -0.125614707
245    -0.459804229
246    0.000172032193
247    -0.000245716222
248    4.87063456e-16
249    -0.00183550588
250    1.74517043e-05
251    7.20856636e-05
252    5.61920616e-15
253    -0.00185445108
254    0.000810993422
255    -0.00057502115
256    -4.56819631e-15
257    -0.00535846732
258    0.00103939463
259    -0.00123701344
260    6.99133117e-14
261    -0.000361198818
262    -0.000117876531
263    -0.000277859583
264    -7.93715726e-14
265    -6.25407004e-05
266    5.23895297e-16
267    0.000100106921
268    2.09159377e-16
269    -3.52829973e-05
270    -0.000376253212
271    -0.000457144216
272    -0.000275617984
273    -0.000519439502
274    0.000264000588
275    -0.000162542298
276    9.08623041e-16
[5D]