[Molden Format]
[Atoms] (Angs)
  C      1    6     -0.00714236     -1.70213747     -0.00000000
  H      2    1     -2.06882847     -1.44022412      0.00000000
  H      3    1     -0.12337987     -2.77567521      0.00000000
  H      4    1      0.04651892      1.98813947     -0.00000000
  C      5    6     -1.21953563      0.40211669      0.00000000
  O      6    8     -2.25921553      1.03043814      0.00000000
  C      7    6      1.28797806      0.34644937     -0.00000000
  O      8    8      2.31273661      1.00537216     -0.00000000
  N      9    7      0.03446295      0.97739857     -0.00000000
  N     10    7     -1.17287765     -0.98229824      0.00000000
  C     11    6      1.20107039     -1.10433419     -0.00000000
  H     12    1      2.11220096     -1.67699125     -0.00000000
[GTO]
1    0
S    1    1.000000
   4.56324000E+03    1.96665000E-03 
S    1    1.000000
   6.82024000E+02    1.52306000E-02 
S    1    1.000000
   1.54973000E+02    7.61269000E-02 
S    1    1.000000
   4.44553000E+01    2.60801000E-01 
S    1    1.000000
   1.30290000E+01    6.16462000E-01 
S    1    1.000000
   1.82773000E+00    2.21006000E-01 
SP   3    1.000000
   2.09642000E+01    1.14660000E-01   4.02487000E-02 
   4.80331000E+00    9.19999000E-01   2.37594000E-01 
   1.45933000E+00   -3.03068000E-03   8.15854000E-01 
SP   1    1.000000
   4.83456000E-01    1.00000000E+00   1.00000000E+00 
SP   1    1.000000
   1.45585000E-01    1.00000000E+00   1.00000000E+00 
SP   1    1.000000
   4.38000000E-02    1.00000000E+00   1.00000000E+00 
SP   1    1.000000
   1.31927711E-02    1.00000000E+00   1.00000000E+00 
D    1    1.000000
   6.26000000E-01    1.00000000E+00 

2    0
S    3    1.000000
   3.38650000E+01    2.54938000E-02 
   5.09479000E+00    1.90373000E-01 
   1.15879000E+00    8.52161000E-01 
S    1    1.000000
   3.25840000E-01    1.00000000E+00 
S    1    1.000000
   1.02741000E-01    1.00000000E+00 
S    1    1.000000
   3.60000000E-02    1.00000000E+00 
P    1    1.000000
   7.50000000E-01    1.00000000E+00 

3    0
S    3    1.000000
   3.38650000E+01    2.54938000E-02 
   5.09479000E+00    1.90373000E-01 
   1.15879000E+00    8.52161000E-01 
S    1    1.000000
   3.25840000E-01    1.00000000E+00 
S    1    1.000000
   1.02741000E-01    1.00000000E+00 
S    1    1.000000
   3.60000000E-02    1.00000000E+00 
P    1    1.000000
   7.50000000E-01    1.00000000E+00 

4    0
S    3    1.000000
   3.38650000E+01    2.54938000E-02 
   5.09479000E+00    1.90373000E-01 
   1.15879000E+00    8.52161000E-01 
S    1    1.000000
   3.25840000E-01    1.00000000E+00 
S    1    1.000000
   1.02741000E-01    1.00000000E+00 
S    1    1.000000
   3.60000000E-02    1.00000000E+00 
P    1    1.000000
   7.50000000E-01    1.00000000E+00 

5    0
S    1    1.000000
   4.56324000E+03    1.96665000E-03 
S    1    1.000000
   6.82024000E+02    1.52306000E-02 
S    1    1.000000
   1.54973000E+02    7.61269000E-02 
S    1    1.000000
   4.44553000E+01    2.60801000E-01 
S    1    1.000000
   1.30290000E+01    6.16462000E-01 
S    1    1.000000
   1.82773000E+00    2.21006000E-01 
SP   3    1.000000
   2.09642000E+01    1.14660000E-01   4.02487000E-02 
   4.80331000E+00    9.19999000E-01   2.37594000E-01 
   1.45933000E+00   -3.03068000E-03   8.15854000E-01 
SP   1    1.000000
   4.83456000E-01    1.00000000E+00   1.00000000E+00 
SP   1    1.000000
   1.45585000E-01    1.00000000E+00   1.00000000E+00 
SP   1    1.000000
   4.38000000E-02    1.00000000E+00   1.00000000E+00 
SP   1    1.000000
   1.31927711E-02    1.00000000E+00   1.00000000E+00 
D    1    1.000000
   6.26000000E-01    1.00000000E+00 

6    0
S    1    1.000000
   8.58850000E+03    1.89515000E-03 
S    1    1.000000
   1.29723000E+03    1.43859000E-02 
S    1    1.000000
   2.99296000E+02    7.07320000E-02 
S    1    1.000000
   8.73771000E+01    2.40001000E-01 
S    1    1.000000
   2.56789000E+01    5.94797000E-01 
S    1    1.000000
   3.74004000E+00    2.80802000E-01 
SP   3    1.000000
   4.21175000E+01    1.13889000E-01   3.65114000E-02 
   9.62837000E+00    9.20811000E-01   2.37153000E-01 
   2.85332000E+00   -3.27447000E-03   8.19702000E-01 
SP   1    1.000000
   9.05661000E-01    1.00000000E+00   1.00000000E+00 
SP   1    1.000000
   2.55611000E-01    1.00000000E+00   1.00000000E+00 
SP   1    1.000000
   8.45000000E-02    1.00000000E+00   1.00000000E+00 
SP   1    1.000000
   2.54518072E-02    1.00000000E+00   1.00000000E+00 
D    1    1.000000
   1.29200000E+00    1.00000000E+00 

7    0
S    1    1.000000
   4.56324000E+03    1.96665000E-03 
S    1    1.000000
   6.82024000E+02    1.52306000E-02 
S    1    1.000000
   1.54973000E+02    7.61269000E-02 
S    1    1.000000
   4.44553000E+01    2.60801000E-01 
S    1    1.000000
   1.30290000E+01    6.16462000E-01 
S    1    1.000000
   1.82773000E+00    2.21006000E-01 
SP   3    1.000000
   2.09642000E+01    1.14660000E-01   4.02487000E-02 
   4.80331000E+00    9.19999000E-01   2.37594000E-01 
   1.45933000E+00   -3.03068000E-03   8.15854000E-01 
SP   1    1.000000
   4.83456000E-01    1.00000000E+00   1.00000000E+00 
SP   1    1.000000
   1.45585000E-01    1.00000000E+00   1.00000000E+00 
SP   1    1.000000
   4.38000000E-02    1.00000000E+00   1.00000000E+00 
SP   1    1.000000
   1.31927711E-02    1.00000000E+00   1.00000000E+00 
D    1    1.000000
   6.26000000E-01    1.00000000E+00 

8    0
S    1    1.000000
   8.58850000E+03    1.89515000E-03 
S    1    1.000000
   1.29723000E+03    1.43859000E-02 
S    1    1.000000
   2.99296000E+02    7.07320000E-02 
S    1    1.000000
   8.73771000E+01    2.40001000E-01 
S    1    1.000000
   2.56789000E+01    5.94797000E-01 
S    1    1.000000
   3.74004000E+00    2.80802000E-01 
SP   3    1.000000
   4.21175000E+01    1.13889000E-01   3.65114000E-02 
   9.62837000E+00    9.20811000E-01   2.37153000E-01 
   2.85332000E+00   -3.27447000E-03   8.19702000E-01 
SP   1    1.000000
   9.05661000E-01    1.00000000E+00   1.00000000E+00 
SP   1    1.000000
   2.55611000E-01    1.00000000E+00   1.00000000E+00 
SP   1    1.000000
   8.45000000E-02    1.00000000E+00   1.00000000E+00 
SP   1    1.000000
   2.54518072E-02    1.00000000E+00   1.00000000E+00 
D    1    1.000000
   1.29200000E+00    1.00000000E+00 

9    0
S    1    1.000000
   6.29348000E+03    1.96979000E-03 
S    1    1.000000
   9.49044000E+02    1.49613000E-02 
S    1    1.000000
   2.18776000E+02    7.35006000E-02 
S    1    1.000000
   6.36916000E+01    2.48937000E-01 
S    1    1.000000
   1.88282000E+01    6.02460000E-01 
S    1    1.000000
   2.72023000E+00    2.56202000E-01 
SP   3    1.000000
   3.06331000E+01    1.11906000E-01   3.83119000E-02 
   7.02614000E+00    9.21666000E-01   2.37403000E-01 
   2.11205000E+00   -2.56919000E-03   8.17592000E-01 
SP   1    1.000000
   6.84009000E-01    1.00000000E+00   1.00000000E+00 
SP   1    1.000000
   2.00878000E-01    1.00000000E+00   1.00000000E+00 
SP   1    1.000000
   6.39000000E-02    1.00000000E+00   1.00000000E+00 
SP   1    1.000000
   1.92469880E-02    1.00000000E+00   1.00000000E+00 
D    1    1.000000
   9.13000000E-01    1.00000000E+00 

10    0
S    1    1.000000
   6.29348000E+03    1.96979000E-03 
S    1    1.000000
   9.49044000E+02    1.49613000E-02 
S    1    1.000000
   2.18776000E+02    7.35006000E-02 
S    1    1.000000
   6.36916000E+01    2.48937000E-01 
S    1    1.000000
   1.88282000E+01    6.02460000E-01 
S    1    1.000000
   2.72023000E+00    2.56202000E-01 
SP   3    1.000000
   3.06331000E+01    1.11906000E-01   3.83119000E-02 
   7.02614000E+00    9.21666000E-01   2.37403000E-01 
   2.11205000E+00   -2.56919000E-03   8.17592000E-01 
SP   1    1.000000
   6.84009000E-01    1.00000000E+00   1.00000000E+00 
SP   1    1.000000
   2.00878000E-01    1.00000000E+00   1.00000000E+00 
SP   1    1.000000
   6.39000000E-02    1.00000000E+00   1.00000000E+00 
SP   1    1.000000
   1.92469880E-02    1.00000000E+00   1.00000000E+00 
D    1    1.000000
   9.13000000E-01    1.00000000E+00 

11    0
S    1    1.000000
   4.56324000E+03    1.96665000E-03 
S    1    1.000000
   6.82024000E+02    1.52306000E-02 
S    1    1.000000
   1.54973000E+02    7.61269000E-02 
S    1    1.000000
   4.44553000E+01    2.60801000E-01 
S    1    1.000000
   1.30290000E+01    6.16462000E-01 
S    1    1.000000
   1.82773000E+00    2.21006000E-01 
SP   3    1.000000
   2.09642000E+01    1.14660000E-01   4.02487000E-02 
   4.80331000E+00    9.19999000E-01   2.37594000E-01 
   1.45933000E+00   -3.03068000E-03   8.15854000E-01 
SP   1    1.000000
   4.83456000E-01    1.00000000E+00   1.00000000E+00 
SP   1    1.000000
   1.45585000E-01    1.00000000E+00   1.00000000E+00 
SP   1    1.000000
   4.38000000E-02    1.00000000E+00   1.00000000E+00 
SP   1    1.000000
   1.31927711E-02    1.00000000E+00   1.00000000E+00 
D    1    1.000000
   6.26000000E-01    1.00000000E+00 

12    0
S    3    1.000000
   3.38650000E+01    2.54938000E-02 
   5.09479000E+00    1.90373000E-01 
   1.15879000E+00    8.52161000E-01 
S    1    1.000000
   3.25840000E-01    1.00000000E+00 
S    1    1.000000
   1.02741000E-01    1.00000000E+00 
S    1    1.000000
   3.60000000E-02    1.00000000E+00 
P    1    1.000000
   7.50000000E-01    1.00000000E+00 

[MO]
Sym=X
Ene=0.000149
Spin=Alpha
Occup=1
1    0.000223443285
2    0.0017298465
3    0.00862899954
4    0.0296269897
5    0.0699790848
6    0.025492331
7    0.0937531321
8    -0.000235080183
9    4.10262652e-05
10    4.14727616e-16
11    0.000338626527
12    8.6256701e-05
13    -8.56478856e-06
14    2.39697557e-15
15    0.000125930443
16    4.07577754e-05
17    0.00015928544
18    -4.95377948e-16
19    0.00313649817
20    0.00033282116
21    0.00135376763
22    1.40520386e-14
23    0.000298908859
24    -0.000158688345
25    5.18998091e-05
26    3.03121888e-14
27    -4.34078379e-06
28    6.44406261e-16
29    -2.92500727e-05
30    2.81858345e-16
31    -1.07137445e-05
32    3.80897636e-05
33    3.21138458e-06
34    7.2208162e-05
35    0.000115094052
36    4.31832029e-05
37    2.30528148e-05
38    9.50213127e-17
39    8.28801e-05
40    0.00011105826
41    7.91833209e-05
42    0.000934682732
43    -3.91299285e-06
44    6.65400738e-05
45    -1.4643925e-16
46    3.80588511e-05
47    3.96568211e-05
48    -2.00328033e-05
49    -9.27614998e-05
50    -8.60448916e-06
51    -5.35741e-05
52    1.05473877e-15
53    0.00103525551
54    0.00801441377
55    0.0399806744
56    0.137261691
57    0.324284619
58    0.117936279
59    0.434314699
60    0.000595576521
61    -0.000416136028
62    1.62369012e-15
63    0.00154879428
64    -0.000671305264
65    0.000436218681
66    -2.53732088e-16
67    0.00146028989
68    0.000173662932
69    -9.39106433e-05
70    7.77756704e-15
71    -0.000116445239
72    -0.000735539669
73    0.000503837573
74    -1.71299159e-14
75    -0.000718360382
76    -1.99398402e-05
77    7.96183277e-05
78    -2.84342544e-14
79    -0.000262038055
80    -8.42804128e-17
81    -0.000225894763
82    5.48435847e-16
83    0.000149580211
84    -3.3478973e-07
85    -2.45063204e-06
86    -1.28849279e-05
87    -4.10500036e-05
88    -0.000124188204
89    -0.000172963396
90    -0.000174527521
91    0.000196898849
92    -0.000119155681
93    4.40907534e-16
94    0.000575671238
95    0.00050774552
96    -0.000304112006
97    6.92468087e-16
98    -0.000331052221
99    -0.000269376826
100    0.00015868509
101    -7.4240266e-16
102    -0.000180080133
103    0.000192755395
104    -0.000112244052
105    4.26873828e-16
106    -0.00114430697
107    -0.000185703693
108    0.000149095672
109    1.43208103e-14
110    -0.000222638158
111    1.46131808e-16
112    -0.000108261609
113    4.959736e-16
114    0.000118056285
115    0.00028465635
116    0.00220368748
117    0.0109931149
118    0.037742017
119    0.0891602446
120    0.0324242887
121    0.119440871
122    -0.000170869588
123    0.00014100278
124    3.25894285e-15
125    0.000393958784
126    0.000157251509
127    1.90758452e-05
128    6.67006079e-15
129    0.000582290911
130    0.000170768876
131    6.37713282e-05
132    3.57019114e-15
133    0.00276644086
134    -0.000433717099
135    -0.000287674755
136    4.33469071e-14
137    0.000537770138
138    -0.00014969162
139    -0.000119774043
140    1.14225487e-14
141    7.51846005e-05
142    2.81111106e-16
143    -5.13303603e-05
144    2.60177062e-16
145    6.67679208e-05
146    -4.34479955e-08
147    -2.97017826e-07
148    -1.74735813e-06
149    -4.9866608e-06
150    -2.04534948e-05
151    -4.83285881e-05
152    -2.2144297e-05
153    -5.23860319e-05
154    -3.75173894e-05
155    2.60676594e-15
156    0.00018484661
157    -0.000158369277
158    -9.4541794e-05
159    2.69216868e-15
160    -0.000142387816
161    9.87389952e-05
162    7.93951624e-05
163    8.76106039e-15
164    -0.000587634252
165    0.000166808401
166    4.4785077e-05
167    -3.73485597e-15
168    -0.000353706796
169    0.000128740667
170    9.63847242e-05
171    -1.41013971e-14
172    5.97543006e-05
173    -5.3980726e-16
174    -2.89294177e-05
175    -7.62017758e-16
176    3.68036722e-05
177    -2.66067586e-07
178    -1.85225013e-06
179    -1.04574811e-05
180    -3.07842046e-05
181    -0.000120898826
182    -0.000266603861
183    -5.55668289e-05
184    -5.34388785e-05
185    -5.15080258e-05
186    2.10844387e-15
187    0.000664302243
188    -0.000420681118
189    -0.000357927258
190    2.29758049e-15
191    -9.62954565e-05
192    0.000157389282
193    -1.73237386e-05
194    7.71568805e-15
195    -0.000756216286
196    0.000261699997
197    0.000177579448
198    -1.16281136e-14
199    0.000163977149
200    -7.65666006e-05
201    5.26636816e-05
202    2.37949871e-15
203    0.000151242603
204    -1.165885e-16
205    -0.000123627008
206    4.12795087e-16
207    0.000247686721
208    -7.25934722e-08
209    -3.85343006e-07
210    -3.22076966e-06
211    -6.3960943e-06
212    -6.04173627e-05
213    -0.000235519943
214    2.52646627e-05
215    2.25928271e-05
216    6.58482091e-05
217    4.66141665e-17
218    0.000657100464
219    0.000108339379
220    0.00057630053
221    1.28331343e-15
222    -0.000133466159
223    2.26640636e-05
224    -0.000161098229
225    -1.98120693e-15
226    -0.000794848397
227    5.40907857e-05
228    -0.000164615337
229    2.26157362e-15
230    6.83088606e-05
231    -0.000209054875
232    0.000349666134
233    -2.5701069e-14
234    -8.98177449e-05
235    7.47005522e-17
236    -0.000119854468
237    4.09331004e-16
238    -0.00026578326
239    -0.000168666129
240    -0.00130578584
241    -0.00651357929
242    -0.0223648566
243    -0.0528274767
244    -0.0193436041
245    -0.0707421375
246    4.99427031e-06
247    -2.98862484e-05
248    2.24269401e-15
249    -9.92597597e-05
250    -8.65338093e-05
251    0.00014395726
252    3.04429093e-15
253    -0.000378156408
254    0.000145226865
255    -0.000162143902
256    8.37624443e-15
257    -0.00394870349
258    0.000921723214
259    -0.000440316128
260    -2.77213081e-14
261    2.08175311e-06
262    4.89804084e-05
263    1.89702284e-06
264    -3.01511686e-14
265    5.460758e-05
266    9.15701422e-16
267    2.07302528e-05
268    -1.49900851e-16
269    -5.31601552e-05
270    -4.15238087e-05
271    7.88913491e-06
272    -0.000152506949
273    -0.000160283545
274    1.20842745e-06
275    -1.10368367e-06
276    8.70834311e-16
[5D]