[Molden Format]
[Atoms] (Angs)
  C      1    6     -0.00714236     -1.70213747     -0.00000000
  H      2    1     -2.06882847     -1.44022412      0.00000000
  H      3    1     -0.12337987     -2.77567521      0.00000000
  H      4    1      0.04651892      1.98813947     -0.00000000
  C      5    6     -1.21953563      0.40211669      0.00000000
  O      6    8     -2.25921553      1.03043814      0.00000000
  C      7    6      1.28797806      0.34644937     -0.00000000
  O      8    8      2.31273661      1.00537216     -0.00000000
  N      9    7      0.03446295      0.97739857     -0.00000000
  N     10    7     -1.17287765     -0.98229824      0.00000000
  C     11    6      1.20107039     -1.10433419     -0.00000000
  H     12    1      2.11220096     -1.67699125     -0.00000000
[GTO]
1    0
S    1    1.000000
   4.56324000E+03    1.96665000E-03 
S    1    1.000000
   6.82024000E+02    1.52306000E-02 
S    1    1.000000
   1.54973000E+02    7.61269000E-02 
S    1    1.000000
   4.44553000E+01    2.60801000E-01 
S    1    1.000000
   1.30290000E+01    6.16462000E-01 
S    1    1.000000
   1.82773000E+00    2.21006000E-01 
SP   3    1.000000
   2.09642000E+01    1.14660000E-01   4.02487000E-02 
   4.80331000E+00    9.19999000E-01   2.37594000E-01 
   1.45933000E+00   -3.03068000E-03   8.15854000E-01 
SP   1    1.000000
   4.83456000E-01    1.00000000E+00   1.00000000E+00 
SP   1    1.000000
   1.45585000E-01    1.00000000E+00   1.00000000E+00 
SP   1    1.000000
   4.38000000E-02    1.00000000E+00   1.00000000E+00 
SP   1    1.000000
   1.31927711E-02    1.00000000E+00   1.00000000E+00 
D    1    1.000000
   6.26000000E-01    1.00000000E+00 

2    0
S    3    1.000000
   3.38650000E+01    2.54938000E-02 
   5.09479000E+00    1.90373000E-01 
   1.15879000E+00    8.52161000E-01 
S    1    1.000000
   3.25840000E-01    1.00000000E+00 
S    1    1.000000
   1.02741000E-01    1.00000000E+00 
S    1    1.000000
   3.60000000E-02    1.00000000E+00 
P    1    1.000000
   7.50000000E-01    1.00000000E+00 

3    0
S    3    1.000000
   3.38650000E+01    2.54938000E-02 
   5.09479000E+00    1.90373000E-01 
   1.15879000E+00    8.52161000E-01 
S    1    1.000000
   3.25840000E-01    1.00000000E+00 
S    1    1.000000
   1.02741000E-01    1.00000000E+00 
S    1    1.000000
   3.60000000E-02    1.00000000E+00 
P    1    1.000000
   7.50000000E-01    1.00000000E+00 

4    0
S    3    1.000000
   3.38650000E+01    2.54938000E-02 
   5.09479000E+00    1.90373000E-01 
   1.15879000E+00    8.52161000E-01 
S    1    1.000000
   3.25840000E-01    1.00000000E+00 
S    1    1.000000
   1.02741000E-01    1.00000000E+00 
S    1    1.000000
   3.60000000E-02    1.00000000E+00 
P    1    1.000000
   7.50000000E-01    1.00000000E+00 

5    0
S    1    1.000000
   4.56324000E+03    1.96665000E-03 
S    1    1.000000
   6.82024000E+02    1.52306000E-02 
S    1    1.000000
   1.54973000E+02    7.61269000E-02 
S    1    1.000000
   4.44553000E+01    2.60801000E-01 
S    1    1.000000
   1.30290000E+01    6.16462000E-01 
S    1    1.000000
   1.82773000E+00    2.21006000E-01 
SP   3    1.000000
   2.09642000E+01    1.14660000E-01   4.02487000E-02 
   4.80331000E+00    9.19999000E-01   2.37594000E-01 
   1.45933000E+00   -3.03068000E-03   8.15854000E-01 
SP   1    1.000000
   4.83456000E-01    1.00000000E+00   1.00000000E+00 
SP   1    1.000000
   1.45585000E-01    1.00000000E+00   1.00000000E+00 
SP   1    1.000000
   4.38000000E-02    1.00000000E+00   1.00000000E+00 
SP   1    1.000000
   1.31927711E-02    1.00000000E+00   1.00000000E+00 
D    1    1.000000
   6.26000000E-01    1.00000000E+00 

6    0
S    1    1.000000
   8.58850000E+03    1.89515000E-03 
S    1    1.000000
   1.29723000E+03    1.43859000E-02 
S    1    1.000000
   2.99296000E+02    7.07320000E-02 
S    1    1.000000
   8.73771000E+01    2.40001000E-01 
S    1    1.000000
   2.56789000E+01    5.94797000E-01 
S    1    1.000000
   3.74004000E+00    2.80802000E-01 
SP   3    1.000000
   4.21175000E+01    1.13889000E-01   3.65114000E-02 
   9.62837000E+00    9.20811000E-01   2.37153000E-01 
   2.85332000E+00   -3.27447000E-03   8.19702000E-01 
SP   1    1.000000
   9.05661000E-01    1.00000000E+00   1.00000000E+00 
SP   1    1.000000
   2.55611000E-01    1.00000000E+00   1.00000000E+00 
SP   1    1.000000
   8.45000000E-02    1.00000000E+00   1.00000000E+00 
SP   1    1.000000
   2.54518072E-02    1.00000000E+00   1.00000000E+00 
D    1    1.000000
   1.29200000E+00    1.00000000E+00 

7    0
S    1    1.000000
   4.56324000E+03    1.96665000E-03 
S    1    1.000000
   6.82024000E+02    1.52306000E-02 
S    1    1.000000
   1.54973000E+02    7.61269000E-02 
S    1    1.000000
   4.44553000E+01    2.60801000E-01 
S    1    1.000000
   1.30290000E+01    6.16462000E-01 
S    1    1.000000
   1.82773000E+00    2.21006000E-01 
SP   3    1.000000
   2.09642000E+01    1.14660000E-01   4.02487000E-02 
   4.80331000E+00    9.19999000E-01   2.37594000E-01 
   1.45933000E+00   -3.03068000E-03   8.15854000E-01 
SP   1    1.000000
   4.83456000E-01    1.00000000E+00   1.00000000E+00 
SP   1    1.000000
   1.45585000E-01    1.00000000E+00   1.00000000E+00 
SP   1    1.000000
   4.38000000E-02    1.00000000E+00   1.00000000E+00 
SP   1    1.000000
   1.31927711E-02    1.00000000E+00   1.00000000E+00 
D    1    1.000000
   6.26000000E-01    1.00000000E+00 

8    0
S    1    1.000000
   8.58850000E+03    1.89515000E-03 
S    1    1.000000
   1.29723000E+03    1.43859000E-02 
S    1    1.000000
   2.99296000E+02    7.07320000E-02 
S    1    1.000000
   8.73771000E+01    2.40001000E-01 
S    1    1.000000
   2.56789000E+01    5.94797000E-01 
S    1    1.000000
   3.74004000E+00    2.80802000E-01 
SP   3    1.000000
   4.21175000E+01    1.13889000E-01   3.65114000E-02 
   9.62837000E+00    9.20811000E-01   2.37153000E-01 
   2.85332000E+00   -3.27447000E-03   8.19702000E-01 
SP   1    1.000000
   9.05661000E-01    1.00000000E+00   1.00000000E+00 
SP   1    1.000000
   2.55611000E-01    1.00000000E+00   1.00000000E+00 
SP   1    1.000000
   8.45000000E-02    1.00000000E+00   1.00000000E+00 
SP   1    1.000000
   2.54518072E-02    1.00000000E+00   1.00000000E+00 
D    1    1.000000
   1.29200000E+00    1.00000000E+00 

9    0
S    1    1.000000
   6.29348000E+03    1.96979000E-03 
S    1    1.000000
   9.49044000E+02    1.49613000E-02 
S    1    1.000000
   2.18776000E+02    7.35006000E-02 
S    1    1.000000
   6.36916000E+01    2.48937000E-01 
S    1    1.000000
   1.88282000E+01    6.02460000E-01 
S    1    1.000000
   2.72023000E+00    2.56202000E-01 
SP   3    1.000000
   3.06331000E+01    1.11906000E-01   3.83119000E-02 
   7.02614000E+00    9.21666000E-01   2.37403000E-01 
   2.11205000E+00   -2.56919000E-03   8.17592000E-01 
SP   1    1.000000
   6.84009000E-01    1.00000000E+00   1.00000000E+00 
SP   1    1.000000
   2.00878000E-01    1.00000000E+00   1.00000000E+00 
SP   1    1.000000
   6.39000000E-02    1.00000000E+00   1.00000000E+00 
SP   1    1.000000
   1.92469880E-02    1.00000000E+00   1.00000000E+00 
D    1    1.000000
   9.13000000E-01    1.00000000E+00 

10    0
S    1    1.000000
   6.29348000E+03    1.96979000E-03 
S    1    1.000000
   9.49044000E+02    1.49613000E-02 
S    1    1.000000
   2.18776000E+02    7.35006000E-02 
S    1    1.000000
   6.36916000E+01    2.48937000E-01 
S    1    1.000000
   1.88282000E+01    6.02460000E-01 
S    1    1.000000
   2.72023000E+00    2.56202000E-01 
SP   3    1.000000
   3.06331000E+01    1.11906000E-01   3.83119000E-02 
   7.02614000E+00    9.21666000E-01   2.37403000E-01 
   2.11205000E+00   -2.56919000E-03   8.17592000E-01 
SP   1    1.000000
   6.84009000E-01    1.00000000E+00   1.00000000E+00 
SP   1    1.000000
   2.00878000E-01    1.00000000E+00   1.00000000E+00 
SP   1    1.000000
   6.39000000E-02    1.00000000E+00   1.00000000E+00 
SP   1    1.000000
   1.92469880E-02    1.00000000E+00   1.00000000E+00 
D    1    1.000000
   9.13000000E-01    1.00000000E+00 

11    0
S    1    1.000000
   4.56324000E+03    1.96665000E-03 
S    1    1.000000
   6.82024000E+02    1.52306000E-02 
S    1    1.000000
   1.54973000E+02    7.61269000E-02 
S    1    1.000000
   4.44553000E+01    2.60801000E-01 
S    1    1.000000
   1.30290000E+01    6.16462000E-01 
S    1    1.000000
   1.82773000E+00    2.21006000E-01 
SP   3    1.000000
   2.09642000E+01    1.14660000E-01   4.02487000E-02 
   4.80331000E+00    9.19999000E-01   2.37594000E-01 
   1.45933000E+00   -3.03068000E-03   8.15854000E-01 
SP   1    1.000000
   4.83456000E-01    1.00000000E+00   1.00000000E+00 
SP   1    1.000000
   1.45585000E-01    1.00000000E+00   1.00000000E+00 
SP   1    1.000000
   4.38000000E-02    1.00000000E+00   1.00000000E+00 
SP   1    1.000000
   1.31927711E-02    1.00000000E+00   1.00000000E+00 
D    1    1.000000
   6.26000000E-01    1.00000000E+00 

12    0
S    3    1.000000
   3.38650000E+01    2.54938000E-02 
   5.09479000E+00    1.90373000E-01 
   1.15879000E+00    8.52161000E-01 
S    1    1.000000
   3.25840000E-01    1.00000000E+00 
S    1    1.000000
   1.02741000E-01    1.00000000E+00 
S    1    1.000000
   3.60000000E-02    1.00000000E+00 
P    1    1.000000
   7.50000000E-01    1.00000000E+00 

[MO]
Sym=X
Ene=0.303514
Spin=Alpha
Occup=1
1    5.54894203e-05
2    0.000429537389
3    0.00214300029
4    0.00735646434
5    0.0173894191
6    0.00638597439
7    0.0232430002
8    -3.23192299e-05
9    3.39474002e-05
10    -9.08606052e-16
11    -8.9998333e-06
12    -3.69161692e-05
13    -9.06856055e-05
14    2.00593137e-15
15    0.000108114761
16    6.36351998e-05
17    -9.12612343e-05
18    -5.24172418e-15
19    0.00165360522
20    -2.27764332e-05
21    0.000575500809
22    3.57574047e-14
23    -4.27633895e-05
24    -9.06155496e-05
25    0.000198283305
26    4.61481223e-14
27    -4.13732713e-05
28    -6.95942534e-16
29    -1.33843474e-05
30    -5.48249728e-16
31    1.79603251e-06
32    -8.85351243e-06
33    4.39125739e-05
34    -0.000206684552
35    -0.000313994959
36    1.50129066e-06
37    4.98098272e-06
38    6.66761579e-16
39    2.06460105e-05
40    -6.29635963e-05
41    3.07423286e-05
42    -1.06990148e-05
43    -1.15809921e-05
44    -7.64659834e-07
45    -2.77379293e-16
46    -3.33798906e-05
47    -5.28252149e-05
48    -0.000117558931
49    0.000257858736
50    1.27981425e-05
51    4.16799097e-05
52    -3.53425982e-16
53    -7.04645215e-06
54    -5.45762577e-05
55    -0.000272072417
56    -0.000934797015
57    -0.00220115866
58    -0.000768315268
59    -0.00297570147
60    1.30281588e-05
61    5.69121896e-06
62    1.45025012e-15
63    -7.53640046e-05
64    -4.57199728e-05
65    -1.02255758e-05
66    -2.58722281e-16
67    1.5325983e-05
68    0.000418398868
69    -0.000192954833
70    4.13453156e-15
71    -0.000533607537
72    0.000108792429
73    0.000282043804
74    3.24888651e-14
75    0.000510799925
76    0.000190949234
77    5.93298459e-05
78    1.60550752e-14
79    -4.39006182e-06
80    -4.16427127e-16
81    1.44028301e-07
82    -8.68326699e-16
83    -4.64785784e-05
84    2.98213198e-09
85    1.07763695e-08
86    1.40540811e-07
87    1.53293354e-07
88    3.46518888e-06
89    1.21215037e-05
90    -4.95938029e-06
91    -5.95076063e-07
92    5.19162924e-08
93    6.46466448e-16
94    -3.5931134e-05
95    -2.12588643e-05
96    2.04878777e-06
97    9.63486425e-16
98    0.000157977602
99    7.37779989e-05
100    -5.95053206e-05
101    3.98434577e-15
102    0.000685057842
103    0.000219093585
104    -4.94149842e-05
105    -3.88045125e-15
106    0.000145636702
107    -6.00572404e-05
108    -0.000201508916
109    1.05429435e-14
110    -3.60227263e-06
111    -7.36246181e-16
112    -5.39756005e-07
113    1.12939318e-16
114    -6.13974136e-06
115    -0.00110699203
116    -0.00856976306
117    -0.0427509539
118    -0.146771623
119    -0.346751397
120    -0.126163796
121    -0.464404362
122    0.000738217746
123    -0.000493101746
124    -2.29490342e-15
125    -0.00159273273
126    -0.000806227225
127    0.000206496569
128    -4.94652081e-15
129    -0.00154169621
130    0.000300747022
131    -0.000377102656
132    -4.86521158e-15
133    0.00222896285
134    -0.000100758647
135    -0.00234335544
136    4.0063552e-14
137    0.000242447677
138    0.00030410596
139    -4.78708168e-05
140    -2.02014498e-15
141    -0.000329596167
142    -2.35142898e-16
143    0.000250222593
144    -2.03196576e-16
145    3.01710346e-05
146    3.05129905e-07
147    2.21903001e-06
148    1.18039138e-05
149    3.72163882e-05
150    0.000116534701
151    0.00018255352
152    0.000161376541
153    0.000205184228
154    0.000138189822
155    -1.94521802e-15
156    -0.000638295737
157    0.000554972416
158    0.000367980063
159    -2.09136739e-15
160    0.000261576046
161    -0.000223004812
162    -0.000115190985
163    -2.37898331e-15
164    0.000324622341
165    7.44266159e-05
166    0.000189067161
167    -1.36582554e-14
168    0.00212393117
169    -0.000573614877
170    -6.29191544e-05
171    7.57464346e-15
172    -0.000254460976
173    2.6533259e-16
174    0.000114205235
175    4.20228387e-16
176    -0.000115327683
177    1.78136683e-07
178    1.17572305e-06
179    7.16810464e-06
180    1.93978459e-05
181    9.45922977e-05
182    0.000245790915
183    5.88088321e-06
184    -4.5400562e-05
185    3.99779197e-05
186    2.41432875e-16
187    -0.000566989188
188    -0.000685069989
189    0.000326829648
190    -5.10619055e-15
191    -3.58607535e-05
192    0.000148556998
193    0.000147498051
194    6.87970206e-15
195    0.00128633366
196    0.00100637149
197    -2.57604059e-05
198    -3.25865155e-14
199    -0.00036179248
200    -0.000636003255
201    -0.000106986645
202    -1.86471844e-14
203    0.000265083568
204    8.7905082e-17
205    0.000123728375
206    -8.44215173e-16
207    -0.00021577451
208    -4.26245872e-09
209    -6.09101853e-08
210    -9.9332295e-08
211    -1.13137127e-06
212    4.28139049e-06
213    2.27257639e-05
214    -2.03216503e-05
215    9.13348553e-06
216    -5.11263368e-07
217    1.96811044e-15
218    -3.68243733e-05
219    1.35828303e-05
220    -3.77400293e-05
221    -1.70247823e-16
222    2.07683656e-05
223    3.22058705e-05
224    -2.19107727e-05
225    7.61229883e-15
226    -0.000132167538
227    -0.000458965144
228    -4.52237996e-05
229    -1.57552981e-14
230    -0.000736521469
231    9.42723075e-06
232    -0.000339644179
233    -4.61957303e-14
234    -8.17796135e-06
235    -2.31768626e-16
236    -2.53221914e-06
237    -1.35027139e-16
238    1.65556958e-05
239    5.03098241e-05
240    0.000389519391
241    0.00194287655
242    0.00667201437
243    0.0157562289
244    0.00580373807
245    0.0211320808
246    -1.46264573e-05
247    -8.19207453e-05
248    -1.32446133e-15
249    -0.000199841393
250    -8.7488058e-05
251    -0.000500529882
252    -2.84057976e-15
253    0.000245193029
254    -5.70425826e-05
255    0.0002870165
256    -3.65651937e-16
257    -0.0056994499
258    0.000208535132
259    -0.00140745375
260    -3.86073792e-14
261    -0.000619613585
262    -0.000102794651
263    -0.000359281445
264    -2.48249522e-14
265    -2.39483173e-05
266    -7.77033073e-16
267    2.01056174e-05
268    -5.92834866e-17
269    0.000294255975
270    -5.8501015e-06
271    -6.877394e-05
272    0.000174596517
273    -0.000257799091
274    1.96572284e-05
275    -6.54815656e-05
276    -5.91539649e-16
[5D]