[Molden Format]
[Atoms] (Angs)
  C      1    6     -0.00714236     -1.70213747     -0.00000000
  H      2    1     -2.06882847     -1.44022412      0.00000000
  H      3    1     -0.12337987     -2.77567521      0.00000000
  H      4    1      0.04651892      1.98813947     -0.00000000
  C      5    6     -1.21953563      0.40211669      0.00000000
  O      6    8     -2.25921553      1.03043814      0.00000000
  C      7    6      1.28797806      0.34644937     -0.00000000
  O      8    8      2.31273661      1.00537216     -0.00000000
  N      9    7      0.03446295      0.97739857     -0.00000000
  N     10    7     -1.17287765     -0.98229824      0.00000000
  C     11    6      1.20107039     -1.10433419     -0.00000000
  H     12    1      2.11220096     -1.67699125     -0.00000000
[GTO]
1    0
S    1    1.000000
   4.56324000E+03    1.96665000E-03 
S    1    1.000000
   6.82024000E+02    1.52306000E-02 
S    1    1.000000
   1.54973000E+02    7.61269000E-02 
S    1    1.000000
   4.44553000E+01    2.60801000E-01 
S    1    1.000000
   1.30290000E+01    6.16462000E-01 
S    1    1.000000
   1.82773000E+00    2.21006000E-01 
SP   3    1.000000
   2.09642000E+01    1.14660000E-01   4.02487000E-02 
   4.80331000E+00    9.19999000E-01   2.37594000E-01 
   1.45933000E+00   -3.03068000E-03   8.15854000E-01 
SP   1    1.000000
   4.83456000E-01    1.00000000E+00   1.00000000E+00 
SP   1    1.000000
   1.45585000E-01    1.00000000E+00   1.00000000E+00 
SP   1    1.000000
   4.38000000E-02    1.00000000E+00   1.00000000E+00 
SP   1    1.000000
   1.31927711E-02    1.00000000E+00   1.00000000E+00 
D    1    1.000000
   6.26000000E-01    1.00000000E+00 

2    0
S    3    1.000000
   3.38650000E+01    2.54938000E-02 
   5.09479000E+00    1.90373000E-01 
   1.15879000E+00    8.52161000E-01 
S    1    1.000000
   3.25840000E-01    1.00000000E+00 
S    1    1.000000
   1.02741000E-01    1.00000000E+00 
S    1    1.000000
   3.60000000E-02    1.00000000E+00 
P    1    1.000000
   7.50000000E-01    1.00000000E+00 

3    0
S    3    1.000000
   3.38650000E+01    2.54938000E-02 
   5.09479000E+00    1.90373000E-01 
   1.15879000E+00    8.52161000E-01 
S    1    1.000000
   3.25840000E-01    1.00000000E+00 
S    1    1.000000
   1.02741000E-01    1.00000000E+00 
S    1    1.000000
   3.60000000E-02    1.00000000E+00 
P    1    1.000000
   7.50000000E-01    1.00000000E+00 

4    0
S    3    1.000000
   3.38650000E+01    2.54938000E-02 
   5.09479000E+00    1.90373000E-01 
   1.15879000E+00    8.52161000E-01 
S    1    1.000000
   3.25840000E-01    1.00000000E+00 
S    1    1.000000
   1.02741000E-01    1.00000000E+00 
S    1    1.000000
   3.60000000E-02    1.00000000E+00 
P    1    1.000000
   7.50000000E-01    1.00000000E+00 

5    0
S    1    1.000000
   4.56324000E+03    1.96665000E-03 
S    1    1.000000
   6.82024000E+02    1.52306000E-02 
S    1    1.000000
   1.54973000E+02    7.61269000E-02 
S    1    1.000000
   4.44553000E+01    2.60801000E-01 
S    1    1.000000
   1.30290000E+01    6.16462000E-01 
S    1    1.000000
   1.82773000E+00    2.21006000E-01 
SP   3    1.000000
   2.09642000E+01    1.14660000E-01   4.02487000E-02 
   4.80331000E+00    9.19999000E-01   2.37594000E-01 
   1.45933000E+00   -3.03068000E-03   8.15854000E-01 
SP   1    1.000000
   4.83456000E-01    1.00000000E+00   1.00000000E+00 
SP   1    1.000000
   1.45585000E-01    1.00000000E+00   1.00000000E+00 
SP   1    1.000000
   4.38000000E-02    1.00000000E+00   1.00000000E+00 
SP   1    1.000000
   1.31927711E-02    1.00000000E+00   1.00000000E+00 
D    1    1.000000
   6.26000000E-01    1.00000000E+00 

6    0
S    1    1.000000
   8.58850000E+03    1.89515000E-03 
S    1    1.000000
   1.29723000E+03    1.43859000E-02 
S    1    1.000000
   2.99296000E+02    7.07320000E-02 
S    1    1.000000
   8.73771000E+01    2.40001000E-01 
S    1    1.000000
   2.56789000E+01    5.94797000E-01 
S    1    1.000000
   3.74004000E+00    2.80802000E-01 
SP   3    1.000000
   4.21175000E+01    1.13889000E-01   3.65114000E-02 
   9.62837000E+00    9.20811000E-01   2.37153000E-01 
   2.85332000E+00   -3.27447000E-03   8.19702000E-01 
SP   1    1.000000
   9.05661000E-01    1.00000000E+00   1.00000000E+00 
SP   1    1.000000
   2.55611000E-01    1.00000000E+00   1.00000000E+00 
SP   1    1.000000
   8.45000000E-02    1.00000000E+00   1.00000000E+00 
SP   1    1.000000
   2.54518072E-02    1.00000000E+00   1.00000000E+00 
D    1    1.000000
   1.29200000E+00    1.00000000E+00 

7    0
S    1    1.000000
   4.56324000E+03    1.96665000E-03 
S    1    1.000000
   6.82024000E+02    1.52306000E-02 
S    1    1.000000
   1.54973000E+02    7.61269000E-02 
S    1    1.000000
   4.44553000E+01    2.60801000E-01 
S    1    1.000000
   1.30290000E+01    6.16462000E-01 
S    1    1.000000
   1.82773000E+00    2.21006000E-01 
SP   3    1.000000
   2.09642000E+01    1.14660000E-01   4.02487000E-02 
   4.80331000E+00    9.19999000E-01   2.37594000E-01 
   1.45933000E+00   -3.03068000E-03   8.15854000E-01 
SP   1    1.000000
   4.83456000E-01    1.00000000E+00   1.00000000E+00 
SP   1    1.000000
   1.45585000E-01    1.00000000E+00   1.00000000E+00 
SP   1    1.000000
   4.38000000E-02    1.00000000E+00   1.00000000E+00 
SP   1    1.000000
   1.31927711E-02    1.00000000E+00   1.00000000E+00 
D    1    1.000000
   6.26000000E-01    1.00000000E+00 

8    0
S    1    1.000000
   8.58850000E+03    1.89515000E-03 
S    1    1.000000
   1.29723000E+03    1.43859000E-02 
S    1    1.000000
   2.99296000E+02    7.07320000E-02 
S    1    1.000000
   8.73771000E+01    2.40001000E-01 
S    1    1.000000
   2.56789000E+01    5.94797000E-01 
S    1    1.000000
   3.74004000E+00    2.80802000E-01 
SP   3    1.000000
   4.21175000E+01    1.13889000E-01   3.65114000E-02 
   9.62837000E+00    9.20811000E-01   2.37153000E-01 
   2.85332000E+00   -3.27447000E-03   8.19702000E-01 
SP   1    1.000000
   9.05661000E-01    1.00000000E+00   1.00000000E+00 
SP   1    1.000000
   2.55611000E-01    1.00000000E+00   1.00000000E+00 
SP   1    1.000000
   8.45000000E-02    1.00000000E+00   1.00000000E+00 
SP   1    1.000000
   2.54518072E-02    1.00000000E+00   1.00000000E+00 
D    1    1.000000
   1.29200000E+00    1.00000000E+00 

9    0
S    1    1.000000
   6.29348000E+03    1.96979000E-03 
S    1    1.000000
   9.49044000E+02    1.49613000E-02 
S    1    1.000000
   2.18776000E+02    7.35006000E-02 
S    1    1.000000
   6.36916000E+01    2.48937000E-01 
S    1    1.000000
   1.88282000E+01    6.02460000E-01 
S    1    1.000000
   2.72023000E+00    2.56202000E-01 
SP   3    1.000000
   3.06331000E+01    1.11906000E-01   3.83119000E-02 
   7.02614000E+00    9.21666000E-01   2.37403000E-01 
   2.11205000E+00   -2.56919000E-03   8.17592000E-01 
SP   1    1.000000
   6.84009000E-01    1.00000000E+00   1.00000000E+00 
SP   1    1.000000
   2.00878000E-01    1.00000000E+00   1.00000000E+00 
SP   1    1.000000
   6.39000000E-02    1.00000000E+00   1.00000000E+00 
SP   1    1.000000
   1.92469880E-02    1.00000000E+00   1.00000000E+00 
D    1    1.000000
   9.13000000E-01    1.00000000E+00 

10    0
S    1    1.000000
   6.29348000E+03    1.96979000E-03 
S    1    1.000000
   9.49044000E+02    1.49613000E-02 
S    1    1.000000
   2.18776000E+02    7.35006000E-02 
S    1    1.000000
   6.36916000E+01    2.48937000E-01 
S    1    1.000000
   1.88282000E+01    6.02460000E-01 
S    1    1.000000
   2.72023000E+00    2.56202000E-01 
SP   3    1.000000
   3.06331000E+01    1.11906000E-01   3.83119000E-02 
   7.02614000E+00    9.21666000E-01   2.37403000E-01 
   2.11205000E+00   -2.56919000E-03   8.17592000E-01 
SP   1    1.000000
   6.84009000E-01    1.00000000E+00   1.00000000E+00 
SP   1    1.000000
   2.00878000E-01    1.00000000E+00   1.00000000E+00 
SP   1    1.000000
   6.39000000E-02    1.00000000E+00   1.00000000E+00 
SP   1    1.000000
   1.92469880E-02    1.00000000E+00   1.00000000E+00 
D    1    1.000000
   9.13000000E-01    1.00000000E+00 

11    0
S    1    1.000000
   4.56324000E+03    1.96665000E-03 
S    1    1.000000
   6.82024000E+02    1.52306000E-02 
S    1    1.000000
   1.54973000E+02    7.61269000E-02 
S    1    1.000000
   4.44553000E+01    2.60801000E-01 
S    1    1.000000
   1.30290000E+01    6.16462000E-01 
S    1    1.000000
   1.82773000E+00    2.21006000E-01 
SP   3    1.000000
   2.09642000E+01    1.14660000E-01   4.02487000E-02 
   4.80331000E+00    9.19999000E-01   2.37594000E-01 
   1.45933000E+00   -3.03068000E-03   8.15854000E-01 
SP   1    1.000000
   4.83456000E-01    1.00000000E+00   1.00000000E+00 
SP   1    1.000000
   1.45585000E-01    1.00000000E+00   1.00000000E+00 
SP   1    1.000000
   4.38000000E-02    1.00000000E+00   1.00000000E+00 
SP   1    1.000000
   1.31927711E-02    1.00000000E+00   1.00000000E+00 
D    1    1.000000
   6.26000000E-01    1.00000000E+00 

12    0
S    3    1.000000
   3.38650000E+01    2.54938000E-02 
   5.09479000E+00    1.90373000E-01 
   1.15879000E+00    8.52161000E-01 
S    1    1.000000
   3.25840000E-01    1.00000000E+00 
S    1    1.000000
   1.02741000E-01    1.00000000E+00 
S    1    1.000000
   3.60000000E-02    1.00000000E+00 
P    1    1.000000
   7.50000000E-01    1.00000000E+00 

[MO]
Sym=X
Ene=0.407295
Spin=Alpha
Occup=1
1    -2.56957259e-05
2    -0.000198970117
3    -0.000992246666
4    -0.00340790999
5    -0.0080387861
6    -0.00288771515
7    -0.0108117515
8    5.31857984e-05
9    1.29392202e-05
10    -8.27516545e-16
11    -0.000116618849
12    -9.94587289e-05
13    -7.72660192e-05
14    1.81208234e-15
15    -3.08200492e-05
16    7.82886968e-05
17    -0.000172462137
18    -4.63308247e-15
19    0.00154057522
20    2.89942482e-05
21    0.000505653129
22    3.11465225e-14
23    -3.5263563e-05
24    -9.77460042e-05
25    0.000193740379
26    4.91816268e-14
27    -6.0120919e-05
28    -6.75636031e-16
29    3.49086195e-06
30    -5.7557278e-16
31    1.1578595e-06
32    -1.05036469e-05
33    4.18421803e-05
34    -0.000206296606
35    -0.000296634573
36    -1.16881019e-06
37    3.8917878e-06
38    7.29326974e-16
39    -6.26550172e-06
40    -9.49213145e-05
41    1.41298028e-06
42    -3.30708246e-05
43    -1.30421e-05
44    -2.1273739e-05
45    -2.68250873e-16
46    -3.36472231e-05
47    -4.71078061e-05
48    -0.000135255791
49    0.000246014496
50    1.24938386e-05
51    4.07825926e-05
52    -4.30524676e-16
53    1.99216264e-06
54    1.53943717e-05
55    7.69944645e-05
56    0.000263576186
57    0.000630533696
58    0.000264102749
59    0.000814785921
60    1.85201737e-05
61    5.91836546e-07
62    1.35782207e-15
63    -6.7993684e-05
64    -5.27792974e-05
65    -5.54300329e-07
66    -2.7259571e-16
67    -7.02515197e-06
68    0.000453646428
69    -0.000216188531
70    4.01301063e-15
71    -0.000583450168
72    0.000120332694
73    0.000241064737
74    2.7377287e-14
75    0.000469917179
76    0.000175820074
77    6.08739095e-05
78    1.17342717e-14
79    -5.21903757e-06
80    -4.70247028e-16
81    -1.84899704e-06
82    -8.48683353e-16
83    -4.18549673e-05
84    4.10829608e-10
85    -9.66173031e-09
86    4.51802832e-08
87    -1.93289923e-07
88    2.86076878e-06
89    1.23425726e-05
90    -7.34000949e-06
91    1.36073334e-06
92    -1.11387357e-06
93    5.6152445e-16
94    -3.55500256e-05
95    -1.84396569e-05
96    1.18694689e-06
97    9.38730041e-16
98    0.000175189873
99    8.18952088e-05
100    -6.39713755e-05
101    3.57642895e-15
102    0.00074493487
103    0.000229246647
104    -5.81892317e-05
105    -3.41142633e-15
106    0.000233763372
107    -3.95487921e-05
108    -0.000200820272
109    1.1858405e-14
110    -5.39088575e-06
111    -6.8470555e-16
112    -1.50501926e-06
113    9.58094447e-17
114    -4.67557096e-06
115    -0.0011062044
116    -0.00856366853
117    -0.042720533
118    -0.146667271
119    -0.346504255
120    -0.126073878
121    -0.464076464
122    0.000737127335
123    -0.000496939707
124    -2.41161027e-15
125    -0.00158223641
126    -0.000804841809
127    0.000196919781
128    -5.03382479e-15
129    -0.00157339502
130    0.00033267328
131    -0.000340529058
132    -4.94001564e-15
133    0.00221175564
134    -0.000100292957
135    -0.0023352594
136    3.51212711e-14
137    0.000235195899
138    0.000286885672
139    -4.35440429e-05
140    -7.96361203e-16
141    -0.000330373861
142    -2.31065315e-16
143    0.000248455979
144    -1.87113452e-16
145    2.40956992e-05
146    3.19686155e-07
147    2.33110131e-06
148    1.23438009e-05
149    3.90895696e-05
150    0.000120811251
151    0.00018333427
152    0.000168803628
153    0.00020519027
154    0.00013856717
155    -2.02403387e-15
156    -0.000634817903
157    0.000553656672
158    0.000367969696
159    -2.03033579e-15
160    0.000246651168
161    -0.000218736853
162    -0.000114642726
163    -2.92801496e-15
164    0.000302909484
165    8.00013208e-05
166    0.000192275242
167    -1.27438669e-14
168    0.00206820147
169    -0.000563493997
170    -5.54525059e-05
171    7.08645814e-15
172    -0.000253805635
173    2.86063973e-16
174    0.000114174678
175    4.54622776e-16
176    -0.000115431532
177    1.89717027e-07
178    1.2635031e-06
179    7.60016327e-06
180    2.08522691e-05
181    9.81777407e-05
182    0.000247082987
183    1.03398678e-05
184    -4.66692661e-05
185    3.94077148e-05
186    1.16046866e-16
187    -0.000565720987
188    -0.000686760981
189    0.000325333771
190    -5.00384733e-15
191    -3.04452632e-05
192    0.000147920424
193    0.0001393402
194    5.91937666e-15
195    0.00129506214
196    0.000989857427
197    7.3458716e-06
198    -2.95311715e-14
199    -0.00039562873
200    -0.000597754482
201    -0.000103057795
202    -1.48967299e-14
203    0.000265306271
204    1.12343011e-16
205    0.000122909609
206    -8.34559232e-16
207    -0.00021391294
208    1.05769847e-08
209    4.19974794e-08
210    4.85539359e-07
211    5.82733453e-07
212    1.11734145e-05
213    3.91386429e-05
214    -1.73734932e-05
215    3.4690193e-06
216    3.37056596e-06
217    1.84557516e-15
218    -7.98302045e-05
219    -3.75503463e-05
220    -7.47032556e-07
221    2.70254002e-16
222    3.56363527e-05
223    3.83726305e-05
224    -2.38584557e-05
225    6.39653285e-15
226    -1.11243007e-05
227    -0.000412688044
228    -6.64872931e-05
229    -1.2158476e-14
230    -0.000676450955
231    3.29779602e-05
232    -0.000334499634
233    -4.48041641e-14
234    1.4856145e-05
235    -2.3473294e-16
236    5.83457819e-06
237    -1.51189484e-16
238    1.72407011e-06
239    8.22088684e-05
240    0.000636484922
241    0.00317474159
242    0.0109019404
243    0.0257452385
244    0.00945136272
245    0.0345173654
246    -8.78841538e-06
247    -6.98471476e-05
248    -1.3488293e-15
249    -0.000158926839
250    -7.16769331e-05
251    -0.000496514589
252    -2.8050287e-15
253    0.000358206544
254    -0.000124225021
255    0.000324109793
256    -9.38445742e-16
257    -0.00568905294
258    0.000188232348
259    -0.00133552197
260    -3.39047399e-14
261    -0.000596001672
262    -8.68762454e-05
263    -0.000344960151
264    -2.78158621e-14
265    -3.37859186e-05
266    -8.23033513e-16
267    1.36310082e-05
268    -1.86575438e-17
269    0.000285540018
270    3.21815332e-06
271    -5.69267514e-05
272    0.000209077624
273    -0.000224056816
274    1.80975209e-05
275    -5.98659222e-05
276    -5.65730455e-16
[5D]