[Molden Format]
[Atoms] (Angs)
  C      1    6     -0.00714236     -1.70213747     -0.00000000
  H      2    1     -2.06882847     -1.44022412      0.00000000
  H      3    1     -0.12337987     -2.77567521      0.00000000
  H      4    1      0.04651892      1.98813947     -0.00000000
  C      5    6     -1.21953563      0.40211669      0.00000000
  O      6    8     -2.25921553      1.03043814      0.00000000
  C      7    6      1.28797806      0.34644937     -0.00000000
  O      8    8      2.31273661      1.00537216     -0.00000000
  N      9    7      0.03446295      0.97739857     -0.00000000
  N     10    7     -1.17287765     -0.98229824      0.00000000
  C     11    6      1.20107039     -1.10433419     -0.00000000
  H     12    1      2.11220096     -1.67699125     -0.00000000
[GTO]
1    0
S    1    1.000000
   4.56324000E+03    1.96665000E-03 
S    1    1.000000
   6.82024000E+02    1.52306000E-02 
S    1    1.000000
   1.54973000E+02    7.61269000E-02 
S    1    1.000000
   4.44553000E+01    2.60801000E-01 
S    1    1.000000
   1.30290000E+01    6.16462000E-01 
S    1    1.000000
   1.82773000E+00    2.21006000E-01 
SP   3    1.000000
   2.09642000E+01    1.14660000E-01   4.02487000E-02 
   4.80331000E+00    9.19999000E-01   2.37594000E-01 
   1.45933000E+00   -3.03068000E-03   8.15854000E-01 
SP   1    1.000000
   4.83456000E-01    1.00000000E+00   1.00000000E+00 
SP   1    1.000000
   1.45585000E-01    1.00000000E+00   1.00000000E+00 
SP   1    1.000000
   4.38000000E-02    1.00000000E+00   1.00000000E+00 
SP   1    1.000000
   1.31927711E-02    1.00000000E+00   1.00000000E+00 
D    1    1.000000
   6.26000000E-01    1.00000000E+00 

2    0
S    3    1.000000
   3.38650000E+01    2.54938000E-02 
   5.09479000E+00    1.90373000E-01 
   1.15879000E+00    8.52161000E-01 
S    1    1.000000
   3.25840000E-01    1.00000000E+00 
S    1    1.000000
   1.02741000E-01    1.00000000E+00 
S    1    1.000000
   3.60000000E-02    1.00000000E+00 
P    1    1.000000
   7.50000000E-01    1.00000000E+00 

3    0
S    3    1.000000
   3.38650000E+01    2.54938000E-02 
   5.09479000E+00    1.90373000E-01 
   1.15879000E+00    8.52161000E-01 
S    1    1.000000
   3.25840000E-01    1.00000000E+00 
S    1    1.000000
   1.02741000E-01    1.00000000E+00 
S    1    1.000000
   3.60000000E-02    1.00000000E+00 
P    1    1.000000
   7.50000000E-01    1.00000000E+00 

4    0
S    3    1.000000
   3.38650000E+01    2.54938000E-02 
   5.09479000E+00    1.90373000E-01 
   1.15879000E+00    8.52161000E-01 
S    1    1.000000
   3.25840000E-01    1.00000000E+00 
S    1    1.000000
   1.02741000E-01    1.00000000E+00 
S    1    1.000000
   3.60000000E-02    1.00000000E+00 
P    1    1.000000
   7.50000000E-01    1.00000000E+00 

5    0
S    1    1.000000
   4.56324000E+03    1.96665000E-03 
S    1    1.000000
   6.82024000E+02    1.52306000E-02 
S    1    1.000000
   1.54973000E+02    7.61269000E-02 
S    1    1.000000
   4.44553000E+01    2.60801000E-01 
S    1    1.000000
   1.30290000E+01    6.16462000E-01 
S    1    1.000000
   1.82773000E+00    2.21006000E-01 
SP   3    1.000000
   2.09642000E+01    1.14660000E-01   4.02487000E-02 
   4.80331000E+00    9.19999000E-01   2.37594000E-01 
   1.45933000E+00   -3.03068000E-03   8.15854000E-01 
SP   1    1.000000
   4.83456000E-01    1.00000000E+00   1.00000000E+00 
SP   1    1.000000
   1.45585000E-01    1.00000000E+00   1.00000000E+00 
SP   1    1.000000
   4.38000000E-02    1.00000000E+00   1.00000000E+00 
SP   1    1.000000
   1.31927711E-02    1.00000000E+00   1.00000000E+00 
D    1    1.000000
   6.26000000E-01    1.00000000E+00 

6    0
S    1    1.000000
   8.58850000E+03    1.89515000E-03 
S    1    1.000000
   1.29723000E+03    1.43859000E-02 
S    1    1.000000
   2.99296000E+02    7.07320000E-02 
S    1    1.000000
   8.73771000E+01    2.40001000E-01 
S    1    1.000000
   2.56789000E+01    5.94797000E-01 
S    1    1.000000
   3.74004000E+00    2.80802000E-01 
SP   3    1.000000
   4.21175000E+01    1.13889000E-01   3.65114000E-02 
   9.62837000E+00    9.20811000E-01   2.37153000E-01 
   2.85332000E+00   -3.27447000E-03   8.19702000E-01 
SP   1    1.000000
   9.05661000E-01    1.00000000E+00   1.00000000E+00 
SP   1    1.000000
   2.55611000E-01    1.00000000E+00   1.00000000E+00 
SP   1    1.000000
   8.45000000E-02    1.00000000E+00   1.00000000E+00 
SP   1    1.000000
   2.54518072E-02    1.00000000E+00   1.00000000E+00 
D    1    1.000000
   1.29200000E+00    1.00000000E+00 

7    0
S    1    1.000000
   4.56324000E+03    1.96665000E-03 
S    1    1.000000
   6.82024000E+02    1.52306000E-02 
S    1    1.000000
   1.54973000E+02    7.61269000E-02 
S    1    1.000000
   4.44553000E+01    2.60801000E-01 
S    1    1.000000
   1.30290000E+01    6.16462000E-01 
S    1    1.000000
   1.82773000E+00    2.21006000E-01 
SP   3    1.000000
   2.09642000E+01    1.14660000E-01   4.02487000E-02 
   4.80331000E+00    9.19999000E-01   2.37594000E-01 
   1.45933000E+00   -3.03068000E-03   8.15854000E-01 
SP   1    1.000000
   4.83456000E-01    1.00000000E+00   1.00000000E+00 
SP   1    1.000000
   1.45585000E-01    1.00000000E+00   1.00000000E+00 
SP   1    1.000000
   4.38000000E-02    1.00000000E+00   1.00000000E+00 
SP   1    1.000000
   1.31927711E-02    1.00000000E+00   1.00000000E+00 
D    1    1.000000
   6.26000000E-01    1.00000000E+00 

8    0
S    1    1.000000
   8.58850000E+03    1.89515000E-03 
S    1    1.000000
   1.29723000E+03    1.43859000E-02 
S    1    1.000000
   2.99296000E+02    7.07320000E-02 
S    1    1.000000
   8.73771000E+01    2.40001000E-01 
S    1    1.000000
   2.56789000E+01    5.94797000E-01 
S    1    1.000000
   3.74004000E+00    2.80802000E-01 
SP   3    1.000000
   4.21175000E+01    1.13889000E-01   3.65114000E-02 
   9.62837000E+00    9.20811000E-01   2.37153000E-01 
   2.85332000E+00   -3.27447000E-03   8.19702000E-01 
SP   1    1.000000
   9.05661000E-01    1.00000000E+00   1.00000000E+00 
SP   1    1.000000
   2.55611000E-01    1.00000000E+00   1.00000000E+00 
SP   1    1.000000
   8.45000000E-02    1.00000000E+00   1.00000000E+00 
SP   1    1.000000
   2.54518072E-02    1.00000000E+00   1.00000000E+00 
D    1    1.000000
   1.29200000E+00    1.00000000E+00 

9    0
S    1    1.000000
   6.29348000E+03    1.96979000E-03 
S    1    1.000000
   9.49044000E+02    1.49613000E-02 
S    1    1.000000
   2.18776000E+02    7.35006000E-02 
S    1    1.000000
   6.36916000E+01    2.48937000E-01 
S    1    1.000000
   1.88282000E+01    6.02460000E-01 
S    1    1.000000
   2.72023000E+00    2.56202000E-01 
SP   3    1.000000
   3.06331000E+01    1.11906000E-01   3.83119000E-02 
   7.02614000E+00    9.21666000E-01   2.37403000E-01 
   2.11205000E+00   -2.56919000E-03   8.17592000E-01 
SP   1    1.000000
   6.84009000E-01    1.00000000E+00   1.00000000E+00 
SP   1    1.000000
   2.00878000E-01    1.00000000E+00   1.00000000E+00 
SP   1    1.000000
   6.39000000E-02    1.00000000E+00   1.00000000E+00 
SP   1    1.000000
   1.92469880E-02    1.00000000E+00   1.00000000E+00 
D    1    1.000000
   9.13000000E-01    1.00000000E+00 

10    0
S    1    1.000000
   6.29348000E+03    1.96979000E-03 
S    1    1.000000
   9.49044000E+02    1.49613000E-02 
S    1    1.000000
   2.18776000E+02    7.35006000E-02 
S    1    1.000000
   6.36916000E+01    2.48937000E-01 
S    1    1.000000
   1.88282000E+01    6.02460000E-01 
S    1    1.000000
   2.72023000E+00    2.56202000E-01 
SP   3    1.000000
   3.06331000E+01    1.11906000E-01   3.83119000E-02 
   7.02614000E+00    9.21666000E-01   2.37403000E-01 
   2.11205000E+00   -2.56919000E-03   8.17592000E-01 
SP   1    1.000000
   6.84009000E-01    1.00000000E+00   1.00000000E+00 
SP   1    1.000000
   2.00878000E-01    1.00000000E+00   1.00000000E+00 
SP   1    1.000000
   6.39000000E-02    1.00000000E+00   1.00000000E+00 
SP   1    1.000000
   1.92469880E-02    1.00000000E+00   1.00000000E+00 
D    1    1.000000
   9.13000000E-01    1.00000000E+00 

11    0
S    1    1.000000
   4.56324000E+03    1.96665000E-03 
S    1    1.000000
   6.82024000E+02    1.52306000E-02 
S    1    1.000000
   1.54973000E+02    7.61269000E-02 
S    1    1.000000
   4.44553000E+01    2.60801000E-01 
S    1    1.000000
   1.30290000E+01    6.16462000E-01 
S    1    1.000000
   1.82773000E+00    2.21006000E-01 
SP   3    1.000000
   2.09642000E+01    1.14660000E-01   4.02487000E-02 
   4.80331000E+00    9.19999000E-01   2.37594000E-01 
   1.45933000E+00   -3.03068000E-03   8.15854000E-01 
SP   1    1.000000
   4.83456000E-01    1.00000000E+00   1.00000000E+00 
SP   1    1.000000
   1.45585000E-01    1.00000000E+00   1.00000000E+00 
SP   1    1.000000
   4.38000000E-02    1.00000000E+00   1.00000000E+00 
SP   1    1.000000
   1.31927711E-02    1.00000000E+00   1.00000000E+00 
D    1    1.000000
   6.26000000E-01    1.00000000E+00 

12    0
S    3    1.000000
   3.38650000E+01    2.54938000E-02 
   5.09479000E+00    1.90373000E-01 
   1.15879000E+00    8.52161000E-01 
S    1    1.000000
   3.25840000E-01    1.00000000E+00 
S    1    1.000000
   1.02741000E-01    1.00000000E+00 
S    1    1.000000
   3.60000000E-02    1.00000000E+00 
P    1    1.000000
   7.50000000E-01    1.00000000E+00 

[MO]
Sym=X
Ene=0.020474
Spin=Alpha
Occup=1
1    6.41129817e-06
2    4.96447512e-05
3    0.000247575312
4    0.000850270563
5    0.00200488939
6    0.000709706257
7    0.00270114941
8    8.55123364e-06
9    -6.25100939e-06
10    4.66732465e-16
11    6.22593587e-05
12    -7.14676147e-05
13    2.56676208e-05
14    2.36656311e-15
15    -0.000314814223
16    8.52453183e-05
17    -0.000136305936
18    -1.11889432e-16
19    0.00322091833
20    0.000488809299
21    0.00127578868
22    1.38625219e-14
23    0.000310777528
24    -0.000210851106
25    7.65451589e-05
26    4.84996463e-14
27    -5.30603207e-05
28    5.3661836e-16
29    1.48017382e-05
30    2.40539337e-17
31    9.94685681e-08
32    3.30623124e-05
33    1.20549332e-05
34    2.90374447e-05
35    0.000109845557
36    3.85729531e-05
37    2.18947371e-05
38    5.46511146e-16
39    1.37059724e-05
40    8.75974184e-06
41    -2.1464143e-05
42    0.000867656376
43    -7.89041751e-06
44    1.25152728e-05
45    -1.97198842e-16
46    3.11813667e-05
47    4.72832002e-05
48    -0.000102584733
49    -4.99451496e-05
50    -6.24292382e-06
51    -4.8255379e-05
52    7.16089387e-16
53    0.00110947123
54    0.00858894331
55    0.0428468423
56    0.147101549
57    0.347534552
58    0.126406328
59    0.465441642
60    0.0006433275
61    -0.000449321469
62    1.92561126e-15
63    0.0016290618
64    -0.000735447461
65    0.000482190017
66    -3.63128348e-16
67    0.00143008032
68    0.000365666604
69    -0.000201458853
70    9.19155525e-15
71    -0.000403271923
72    -0.000720266369
73    0.000473450777
74    -1.97136512e-14
75    -0.000736192863
76    -2.06631209e-05
77    0.000106226748
78    -3.45931587e-14
79    -0.00027786505
80    -3.87071645e-16
81    -0.000241929534
82    3.33794731e-16
83    0.000158504435
84    -3.46116936e-07
85    -2.53744277e-06
86    -1.33181921e-05
87    -4.25281565e-05
88    -0.000127495247
89    -0.000176159473
90    -0.000185712127
91    0.000211771206
92    -0.0001282392
93    4.27036429e-16
94    0.000596166778
95    0.000535519394
96    -0.000320881764
97    1.06062501e-15
98    -0.000260646523
99    -0.000241757932
100    0.000139051586
101    -7.39241563e-16
102    0.000133517368
103    0.000280840968
104    -0.000151189232
105    6.07914482e-16
106    -0.000905341862
107    -0.000145698601
108    0.000112554558
109    1.99647684e-14
110    -0.000239483631
111    1.01504575e-16
112    -0.000116340408
113    5.26166105e-16
114    0.000126497707
115    1.32676372e-05
116    0.000102729796
117    0.000512345675
118    0.00175947218
119    0.00415141804
120    0.00148570778
121    0.00558125035
122    8.91470858e-06
123    3.4658948e-06
124    2.21162649e-15
125    6.44785014e-05
126    -4.2545548e-05
127    6.22171253e-06
128    5.21127293e-15
129    7.8303078e-05
130    0.00038371777
131    0.000133925802
132    1.39869004e-15
133    0.00331022131
134    -0.00043064267
135    -0.000820081551
136    4.54579114e-14
137    0.000585657957
138    -0.000133308128
139    -0.000125000766
140    1.23650427e-14
141    -5.50501375e-06
142    2.26079308e-16
143    1.46888025e-06
144    2.43648661e-16
145    3.81056859e-05
146    -4.49716653e-09
147    -1.94086476e-08
148    -2.04841678e-07
149    -2.92549542e-07
150    -4.5519579e-06
151    -1.52993521e-05
152    5.50451129e-06
153    -1.03286279e-06
154    -8.12070344e-07
155    1.86844521e-15
156    4.2477492e-05
157    -2.86243174e-05
158    -6.250099e-06
159    2.110375e-15
160    -0.000137689592
161    6.60233672e-05
162    5.5041075e-05
163    6.73845971e-15
164    -0.000647411061
165    0.000217880938
166    0.00010845357
167    -5.70803243e-15
168    -9.74905436e-05
169    3.84704286e-05
170    0.000113215287
171    -1.44432571e-14
172    2.56828749e-07
173    -3.94737037e-16
174    -8.53344151e-07
175    -5.45936749e-16
176    6.7986888e-06
177    -2.43615882e-07
178    -1.7183877e-06
179    -9.51537007e-06
180    -2.86046731e-05
181    -0.000105951934
182    -0.000220265116
183    -6.10638411e-05
184    -7.29882487e-05
185    -4.44107802e-05
186    1.96799506e-15
187    0.000555391547
188    -0.000618013846
189    -0.000296909125
190    9.5827838e-16
191    -7.63477928e-05
192    0.000189536261
193    -1.76891011e-05
194    7.94475939e-15
195    -0.000392261209
196    0.000470412716
197    0.000259416296
198    -1.53355141e-14
199    2.1780674e-05
200    -9.48821345e-05
201    2.71569842e-05
202    6.15605814e-15
203    0.000225721923
204    -1.06211786e-17
205    -0.000100116953
206    1.94985638e-16
207    0.000210013458
208    -2.41105361e-07
209    -1.69490053e-06
210    -9.42964411e-06
211    -2.8188418e-05
212    -0.000105988537
213    -0.000222038338
214    -5.68272455e-05
215    7.4848282e-06
216    8.09312929e-05
217    3.90024117e-16
218    0.000553274143
219    -2.95630682e-05
220    0.000701484928
221    2.45711811e-15
222    -7.16833763e-05
223    5.99480797e-05
224    -0.000168670607
225    -2.73730563e-15
226    -0.000446576936
227    0.000100930568
228    -0.000231388947
229    5.72891609e-15
230    9.37390674e-05
231    -0.000143638786
232    0.000307197008
233    -3.55121066e-14
234    -2.91713677e-05
235    1.09898939e-17
236    -0.000101983838
237    3.31224676e-16
238    -0.000315843723
239    -9.57368448e-07
240    -7.3862256e-06
241    -3.70304095e-05
242    -0.000126438872
243    -0.000305579675
244    -0.000142101255
245    -0.000385159328
246    7.74102331e-06
247    -2.43860028e-06
248    1.89247226e-15
249    7.72720755e-05
250    -6.87006818e-05
251    2.38854469e-05
252    2.18261513e-15
253    0.00011773896
254    -0.000111386915
255    5.21066255e-05
256    7.27772293e-15
257    -0.00530104808
258    0.000896994944
259    -0.000550113253
260    -2.99287966e-14
261    -7.2164231e-05
262    7.7837964e-05
263    -3.50280208e-05
264    -4.21108348e-14
265    2.57552693e-05
266    5.83105486e-16
267    1.82372712e-06
268    -6.64840659e-17
269    -2.10882145e-07
270    5.07766588e-06
271    5.31953592e-05
272    5.68634387e-06
273    -0.000105351995
274    -1.45234779e-05
275    7.94202037e-06
276    7.73087309e-16
[5D]