[Molden Format]
[Atoms] (Angs)
  C      1    6     -0.00714236     -1.70213747     -0.00000000
  H      2    1     -2.06882847     -1.44022412      0.00000000
  H      3    1     -0.12337987     -2.77567521      0.00000000
  H      4    1      0.04651892      1.98813947     -0.00000000
  C      5    6     -1.21953563      0.40211669      0.00000000
  O      6    8     -2.25921553      1.03043814      0.00000000
  C      7    6      1.28797806      0.34644937     -0.00000000
  O      8    8      2.31273661      1.00537216     -0.00000000
  N      9    7      0.03446295      0.97739857     -0.00000000
  N     10    7     -1.17287765     -0.98229824      0.00000000
  C     11    6      1.20107039     -1.10433419     -0.00000000
  H     12    1      2.11220096     -1.67699125     -0.00000000
[GTO]
1    0
S    1    1.000000
   4.56324000E+03    1.96665000E-03 
S    1    1.000000
   6.82024000E+02    1.52306000E-02 
S    1    1.000000
   1.54973000E+02    7.61269000E-02 
S    1    1.000000
   4.44553000E+01    2.60801000E-01 
S    1    1.000000
   1.30290000E+01    6.16462000E-01 
S    1    1.000000
   1.82773000E+00    2.21006000E-01 
SP   3    1.000000
   2.09642000E+01    1.14660000E-01   4.02487000E-02 
   4.80331000E+00    9.19999000E-01   2.37594000E-01 
   1.45933000E+00   -3.03068000E-03   8.15854000E-01 
SP   1    1.000000
   4.83456000E-01    1.00000000E+00   1.00000000E+00 
SP   1    1.000000
   1.45585000E-01    1.00000000E+00   1.00000000E+00 
SP   1    1.000000
   4.38000000E-02    1.00000000E+00   1.00000000E+00 
SP   1    1.000000
   1.31927711E-02    1.00000000E+00   1.00000000E+00 
D    1    1.000000
   6.26000000E-01    1.00000000E+00 

2    0
S    3    1.000000
   3.38650000E+01    2.54938000E-02 
   5.09479000E+00    1.90373000E-01 
   1.15879000E+00    8.52161000E-01 
S    1    1.000000
   3.25840000E-01    1.00000000E+00 
S    1    1.000000
   1.02741000E-01    1.00000000E+00 
S    1    1.000000
   3.60000000E-02    1.00000000E+00 
P    1    1.000000
   7.50000000E-01    1.00000000E+00 

3    0
S    3    1.000000
   3.38650000E+01    2.54938000E-02 
   5.09479000E+00    1.90373000E-01 
   1.15879000E+00    8.52161000E-01 
S    1    1.000000
   3.25840000E-01    1.00000000E+00 
S    1    1.000000
   1.02741000E-01    1.00000000E+00 
S    1    1.000000
   3.60000000E-02    1.00000000E+00 
P    1    1.000000
   7.50000000E-01    1.00000000E+00 

4    0
S    3    1.000000
   3.38650000E+01    2.54938000E-02 
   5.09479000E+00    1.90373000E-01 
   1.15879000E+00    8.52161000E-01 
S    1    1.000000
   3.25840000E-01    1.00000000E+00 
S    1    1.000000
   1.02741000E-01    1.00000000E+00 
S    1    1.000000
   3.60000000E-02    1.00000000E+00 
P    1    1.000000
   7.50000000E-01    1.00000000E+00 

5    0
S    1    1.000000
   4.56324000E+03    1.96665000E-03 
S    1    1.000000
   6.82024000E+02    1.52306000E-02 
S    1    1.000000
   1.54973000E+02    7.61269000E-02 
S    1    1.000000
   4.44553000E+01    2.60801000E-01 
S    1    1.000000
   1.30290000E+01    6.16462000E-01 
S    1    1.000000
   1.82773000E+00    2.21006000E-01 
SP   3    1.000000
   2.09642000E+01    1.14660000E-01   4.02487000E-02 
   4.80331000E+00    9.19999000E-01   2.37594000E-01 
   1.45933000E+00   -3.03068000E-03   8.15854000E-01 
SP   1    1.000000
   4.83456000E-01    1.00000000E+00   1.00000000E+00 
SP   1    1.000000
   1.45585000E-01    1.00000000E+00   1.00000000E+00 
SP   1    1.000000
   4.38000000E-02    1.00000000E+00   1.00000000E+00 
SP   1    1.000000
   1.31927711E-02    1.00000000E+00   1.00000000E+00 
D    1    1.000000
   6.26000000E-01    1.00000000E+00 

6    0
S    1    1.000000
   8.58850000E+03    1.89515000E-03 
S    1    1.000000
   1.29723000E+03    1.43859000E-02 
S    1    1.000000
   2.99296000E+02    7.07320000E-02 
S    1    1.000000
   8.73771000E+01    2.40001000E-01 
S    1    1.000000
   2.56789000E+01    5.94797000E-01 
S    1    1.000000
   3.74004000E+00    2.80802000E-01 
SP   3    1.000000
   4.21175000E+01    1.13889000E-01   3.65114000E-02 
   9.62837000E+00    9.20811000E-01   2.37153000E-01 
   2.85332000E+00   -3.27447000E-03   8.19702000E-01 
SP   1    1.000000
   9.05661000E-01    1.00000000E+00   1.00000000E+00 
SP   1    1.000000
   2.55611000E-01    1.00000000E+00   1.00000000E+00 
SP   1    1.000000
   8.45000000E-02    1.00000000E+00   1.00000000E+00 
SP   1    1.000000
   2.54518072E-02    1.00000000E+00   1.00000000E+00 
D    1    1.000000
   1.29200000E+00    1.00000000E+00 

7    0
S    1    1.000000
   4.56324000E+03    1.96665000E-03 
S    1    1.000000
   6.82024000E+02    1.52306000E-02 
S    1    1.000000
   1.54973000E+02    7.61269000E-02 
S    1    1.000000
   4.44553000E+01    2.60801000E-01 
S    1    1.000000
   1.30290000E+01    6.16462000E-01 
S    1    1.000000
   1.82773000E+00    2.21006000E-01 
SP   3    1.000000
   2.09642000E+01    1.14660000E-01   4.02487000E-02 
   4.80331000E+00    9.19999000E-01   2.37594000E-01 
   1.45933000E+00   -3.03068000E-03   8.15854000E-01 
SP   1    1.000000
   4.83456000E-01    1.00000000E+00   1.00000000E+00 
SP   1    1.000000
   1.45585000E-01    1.00000000E+00   1.00000000E+00 
SP   1    1.000000
   4.38000000E-02    1.00000000E+00   1.00000000E+00 
SP   1    1.000000
   1.31927711E-02    1.00000000E+00   1.00000000E+00 
D    1    1.000000
   6.26000000E-01    1.00000000E+00 

8    0
S    1    1.000000
   8.58850000E+03    1.89515000E-03 
S    1    1.000000
   1.29723000E+03    1.43859000E-02 
S    1    1.000000
   2.99296000E+02    7.07320000E-02 
S    1    1.000000
   8.73771000E+01    2.40001000E-01 
S    1    1.000000
   2.56789000E+01    5.94797000E-01 
S    1    1.000000
   3.74004000E+00    2.80802000E-01 
SP   3    1.000000
   4.21175000E+01    1.13889000E-01   3.65114000E-02 
   9.62837000E+00    9.20811000E-01   2.37153000E-01 
   2.85332000E+00   -3.27447000E-03   8.19702000E-01 
SP   1    1.000000
   9.05661000E-01    1.00000000E+00   1.00000000E+00 
SP   1    1.000000
   2.55611000E-01    1.00000000E+00   1.00000000E+00 
SP   1    1.000000
   8.45000000E-02    1.00000000E+00   1.00000000E+00 
SP   1    1.000000
   2.54518072E-02    1.00000000E+00   1.00000000E+00 
D    1    1.000000
   1.29200000E+00    1.00000000E+00 

9    0
S    1    1.000000
   6.29348000E+03    1.96979000E-03 
S    1    1.000000
   9.49044000E+02    1.49613000E-02 
S    1    1.000000
   2.18776000E+02    7.35006000E-02 
S    1    1.000000
   6.36916000E+01    2.48937000E-01 
S    1    1.000000
   1.88282000E+01    6.02460000E-01 
S    1    1.000000
   2.72023000E+00    2.56202000E-01 
SP   3    1.000000
   3.06331000E+01    1.11906000E-01   3.83119000E-02 
   7.02614000E+00    9.21666000E-01   2.37403000E-01 
   2.11205000E+00   -2.56919000E-03   8.17592000E-01 
SP   1    1.000000
   6.84009000E-01    1.00000000E+00   1.00000000E+00 
SP   1    1.000000
   2.00878000E-01    1.00000000E+00   1.00000000E+00 
SP   1    1.000000
   6.39000000E-02    1.00000000E+00   1.00000000E+00 
SP   1    1.000000
   1.92469880E-02    1.00000000E+00   1.00000000E+00 
D    1    1.000000
   9.13000000E-01    1.00000000E+00 

10    0
S    1    1.000000
   6.29348000E+03    1.96979000E-03 
S    1    1.000000
   9.49044000E+02    1.49613000E-02 
S    1    1.000000
   2.18776000E+02    7.35006000E-02 
S    1    1.000000
   6.36916000E+01    2.48937000E-01 
S    1    1.000000
   1.88282000E+01    6.02460000E-01 
S    1    1.000000
   2.72023000E+00    2.56202000E-01 
SP   3    1.000000
   3.06331000E+01    1.11906000E-01   3.83119000E-02 
   7.02614000E+00    9.21666000E-01   2.37403000E-01 
   2.11205000E+00   -2.56919000E-03   8.17592000E-01 
SP   1    1.000000
   6.84009000E-01    1.00000000E+00   1.00000000E+00 
SP   1    1.000000
   2.00878000E-01    1.00000000E+00   1.00000000E+00 
SP   1    1.000000
   6.39000000E-02    1.00000000E+00   1.00000000E+00 
SP   1    1.000000
   1.92469880E-02    1.00000000E+00   1.00000000E+00 
D    1    1.000000
   9.13000000E-01    1.00000000E+00 

11    0
S    1    1.000000
   4.56324000E+03    1.96665000E-03 
S    1    1.000000
   6.82024000E+02    1.52306000E-02 
S    1    1.000000
   1.54973000E+02    7.61269000E-02 
S    1    1.000000
   4.44553000E+01    2.60801000E-01 
S    1    1.000000
   1.30290000E+01    6.16462000E-01 
S    1    1.000000
   1.82773000E+00    2.21006000E-01 
SP   3    1.000000
   2.09642000E+01    1.14660000E-01   4.02487000E-02 
   4.80331000E+00    9.19999000E-01   2.37594000E-01 
   1.45933000E+00   -3.03068000E-03   8.15854000E-01 
SP   1    1.000000
   4.83456000E-01    1.00000000E+00   1.00000000E+00 
SP   1    1.000000
   1.45585000E-01    1.00000000E+00   1.00000000E+00 
SP   1    1.000000
   4.38000000E-02    1.00000000E+00   1.00000000E+00 
SP   1    1.000000
   1.31927711E-02    1.00000000E+00   1.00000000E+00 
D    1    1.000000
   6.26000000E-01    1.00000000E+00 

12    0
S    3    1.000000
   3.38650000E+01    2.54938000E-02 
   5.09479000E+00    1.90373000E-01 
   1.15879000E+00    8.52161000E-01 
S    1    1.000000
   3.25840000E-01    1.00000000E+00 
S    1    1.000000
   1.02741000E-01    1.00000000E+00 
S    1    1.000000
   3.60000000E-02    1.00000000E+00 
P    1    1.000000
   7.50000000E-01    1.00000000E+00 

[MO]
Sym=X
Ene=0.70543
Spin=Alpha
Occup=1
1    0.00110928884
2    0.00858770256
3    0.0428390566
4    0.147080169
5    0.347447947
6    0.126695897
7    0.465274636
8    -0.0011121579
9    0.000316491895
10    -8.77100567e-16
11    0.00168043331
12    0.00107212086
13    -5.96595388e-05
14    2.33068948e-15
15    0.00146078769
16    -0.000307261517
17    0.000846877157
18    -8.62026661e-15
19    0.000864063262
20    -0.000706167912
21    0.000543150093
22    8.82673059e-14
23    -0.000156258784
24    7.51885366e-05
25    -3.44721952e-05
26    -6.45089269e-14
27    0.000369772289
28    -3.34758899e-16
29    -0.000237992736
30    6.36555857e-17
31    9.31464649e-05
32    2.91311226e-05
33    5.24665182e-05
34    3.80753514e-05
35    -9.71950699e-05
36    4.69647295e-05
37    1.54127496e-05
38    -2.17646246e-16
39    0.000380689734
40    0.000464639255
41    0.000232869039
42    0.00012545456
43    4.26954744e-05
44    0.000309087472
45    -1.38885839e-16
46    1.2559885e-05
47    -5.65750583e-05
48    0.000241533745
49    0.000258001748
50    5.74031915e-06
51    4.72611468e-06
52    6.90781225e-16
53    1.39426095e-06
54    1.08255075e-05
55    5.37783576e-05
56    0.000185486059
57    0.000428969964
58    0.000111689903
59    0.00061014905
60    -4.315022e-06
61    2.08377494e-05
62    2.29437648e-15
63    0.000112439616
64    1.80759962e-05
65    -8.40443856e-05
66    2.21245914e-16
67    0.000222468002
68    -0.00063976229
69    0.000402958127
70    4.89115533e-15
71    0.000673984904
72    -0.000323260452
73    0.000577276504
74    1.00730882e-13
75    0.000507686658
76    0.000174935605
77    8.9732332e-06
78    8.08950243e-14
79    -1.84842486e-05
80    4.92654346e-16
81    3.84542526e-06
82    -7.15783453e-16
83    -4.45572564e-05
84    -3.36074037e-09
85    5.82093164e-10
86    -1.86615115e-07
87    7.25988354e-08
88    -6.68555729e-06
89    -2.6165734e-05
90    1.39286094e-05
91    -3.95375082e-06
92    1.77924094e-06
93    1.54020522e-15
94    7.08276198e-05
95    2.72604879e-05
96    -2.64479915e-05
97    1.5066046e-15
98    -0.000305954137
99    -0.000157931946
100    8.74762521e-05
101    6.92476365e-15
102    -0.00103209709
103    -0.000162107456
104    0.000138514085
105    -7.83140345e-15
106    -0.00135764052
107    -0.000275198251
108    4.81182605e-05
109    -2.69742073e-14
110    -2.65228248e-06
111    -7.82587269e-16
112    5.80854271e-07
113    4.81321784e-16
114    -5.27225146e-06
115    -4.18587172e-06
116    -3.23525024e-05
117    -0.000161770847
118    -0.000553920809
119    -0.0013225038
120    -0.000535296103
121    -0.00172227072
122    9.8041615e-06
123    2.31487555e-05
124    1.4129412e-16
125    9.51773939e-05
126    -3.43057636e-05
127    -0.000125645852
128    2.71254356e-16
129    0.000203444062
130    -0.000185363857
131    -0.000113060326
132    -4.46426426e-15
133    -0.000158952197
134    0.000262968432
135    0.000237243668
136    1.01517922e-13
137    3.90269519e-05
138    0.000191019861
139    -7.23431692e-05
140    -3.33891197e-14
141    3.53345107e-05
142    -1.57557767e-16
143    -6.1761431e-06
144    -3.50524074e-16
145    -5.51789719e-05
146    -2.91008893e-10
147    -3.67875249e-09
148    -7.33676259e-09
149    -6.27124804e-08
150    2.62953381e-07
151    1.91225321e-06
152    -1.09205053e-06
153    1.59527154e-06
154    3.39040509e-06
155    4.86917388e-16
156    -9.04949716e-06
157    -5.96960371e-06
158    -1.96383531e-05
159    -2.89488038e-15
160    0.000107853399
161    1.08521994e-06
162    -1.7907765e-08
163    7.05025371e-15
164    -0.00011568373
165    -4.19417456e-06
166    -1.32340962e-05
167    -1.95432713e-14
168    4.96289028e-06
169    1.52563972e-05
170    -4.73311938e-05
171    3.78229731e-15
172    3.69379208e-06
173    -6.37261874e-17
174    -9.03449363e-07
175    -2.63699573e-16
176    -7.33365212e-06
177    -1.50652172e-10
178    3.84266854e-08
179    -9.59188542e-08
180    7.72138881e-07
181    -8.07190307e-06
182    -3.66413046e-05
183    2.33470964e-05
184    -3.46105783e-07
185    8.28862375e-06
186    2.39863487e-15
187    6.90810145e-05
188    -7.43381277e-06
189    -3.00484014e-05
190    -4.09900423e-15
191    3.42744366e-05
192    -4.98212799e-05
193    1.96166313e-05
194    2.0197309e-14
195    9.55275471e-05
196    0.000170740494
197    -0.000545497543
198    -6.84976335e-14
199    0.000760981628
200    -0.000292699033
201    -0.000129010017
202    -6.81393648e-14
203    6.99809699e-06
204    -2.30483613e-16
205    -2.55731728e-06
206    -4.18168838e-16
207    5.94772553e-06
208    -2.71181887e-07
209    -1.89135378e-06
210    -1.06368489e-05
211    -3.14239115e-05
212    -0.000122833284
213    -0.000273354878
214    -5.16772964e-05
215    6.73910679e-05
216    -4.04783087e-05
217    3.00378796e-15
218    0.000673405507
219    0.000733701968
220    -0.000443523458
221    -6.77183369e-15
222    -9.00921404e-05
223    -1.50005217e-05
224    8.40706789e-05
225    2.27890728e-14
226    -0.00130701186
227    -0.000449527748
228    0.000371912381
229    -7.00590761e-14
230    -0.000578422592
231    -0.000319634432
232    5.69836707e-05
233    -2.77468534e-14
234    -0.000328671813
235    5.39648101e-17
236    -0.000130491754
237    1.63963699e-16
238    0.000183246646
239    1.05677963e-05
240    8.16595751e-05
241    0.000408313508
242    0.00139746008
243    0.00334038477
244    0.00129476791
245    0.00428384624
246    -0.00015215069
247    -7.14209393e-05
248    2.85832098e-16
249    0.000185531003
250    -0.000239902414
251    -0.000109272771
252    -2.71326906e-15
253    -0.00078275375
254    0.000585432861
255    -0.000258379712
256    1.06798212e-14
257    0.00115570221
258    -3.16262848e-05
259    -0.000629037055
260    -9.98233058e-14
261    -0.000220696155
262    -0.00016958403
263    -0.000107906356
264    6.82762565e-14
265    0.000164511592
266    4.50378418e-16
267    5.01591184e-05
268    -6.6302083e-16
269    0.000151419418
270    2.91579007e-05
271    2.60274959e-05
272    -0.000356746421
273    -0.000281609361
274    -8.77956829e-05
275    -1.37129141e-05
276    -6.76902901e-16
[5D]