285.9877    0.09820874
288.1244    0.11740704
289.7231    0.06051450
290.7915    0.02086870
301.2635    0.00019269
301.8531    0.00014130
302.4718    0.51793050
302.5013    0.39366884
302.5587    0.00086833
302.8550    0.11575873
303.0184    0.00010854
303.1256    0.21056542
303.5894    0.00035643
304.0277    0.29739997
304.0953    0.39929646
304.1314    0.00007816
304.2992    0.17966949
304.4090    0.71301769
304.6144    0.55323684
304.7358    0.30484060
302.5182    0.00000000
302.6596    0.00000000
303.6830    0.00000000
304.0222    0.00000000
304.1994    0.00000000
304.2842    0.00000000
304.2896    0.00000000
304.3419    0.00000000
304.4071    0.00000000
304.9109    0.00000000
