[Molden Format]
[Atoms] (Angs)
  C      1    6     -0.00714236     -1.70213747     -0.00000000
  H      2    1     -2.06882847     -1.44022412      0.00000000
  H      3    1     -0.12337987     -2.77567521      0.00000000
  H      4    1      0.04651892      1.98813947     -0.00000000
  C      5    6     -1.21953563      0.40211669      0.00000000
  O      6    8     -2.25921553      1.03043814      0.00000000
  C      7    6      1.28797806      0.34644937     -0.00000000
  O      8    8      2.31273661      1.00537216     -0.00000000
  N      9    7      0.03446295      0.97739857     -0.00000000
  N     10    7     -1.17287765     -0.98229824      0.00000000
  C     11    6      1.20107039     -1.10433419     -0.00000000
  H     12    1      2.11220096     -1.67699125     -0.00000000
[GTO]
1    0
S    1    1.000000
   4.56324000E+03    1.96665000E-03 
S    1    1.000000
   6.82024000E+02    1.52306000E-02 
S    1    1.000000
   1.54973000E+02    7.61269000E-02 
S    1    1.000000
   4.44553000E+01    2.60801000E-01 
S    1    1.000000
   1.30290000E+01    6.16462000E-01 
S    1    1.000000
   1.82773000E+00    2.21006000E-01 
SP   3    1.000000
   2.09642000E+01    1.14660000E-01   4.02487000E-02 
   4.80331000E+00    9.19999000E-01   2.37594000E-01 
   1.45933000E+00   -3.03068000E-03   8.15854000E-01 
SP   1    1.000000
   4.83456000E-01    1.00000000E+00   1.00000000E+00 
SP   1    1.000000
   1.45585000E-01    1.00000000E+00   1.00000000E+00 
SP   1    1.000000
   4.38000000E-02    1.00000000E+00   1.00000000E+00 
SP   1    1.000000
   1.31927711E-02    1.00000000E+00   1.00000000E+00 
D    1    1.000000
   6.26000000E-01    1.00000000E+00 

2    0
S    3    1.000000
   3.38650000E+01    2.54938000E-02 
   5.09479000E+00    1.90373000E-01 
   1.15879000E+00    8.52161000E-01 
S    1    1.000000
   3.25840000E-01    1.00000000E+00 
S    1    1.000000
   1.02741000E-01    1.00000000E+00 
S    1    1.000000
   3.60000000E-02    1.00000000E+00 
P    1    1.000000
   7.50000000E-01    1.00000000E+00 

3    0
S    3    1.000000
   3.38650000E+01    2.54938000E-02 
   5.09479000E+00    1.90373000E-01 
   1.15879000E+00    8.52161000E-01 
S    1    1.000000
   3.25840000E-01    1.00000000E+00 
S    1    1.000000
   1.02741000E-01    1.00000000E+00 
S    1    1.000000
   3.60000000E-02    1.00000000E+00 
P    1    1.000000
   7.50000000E-01    1.00000000E+00 

4    0
S    3    1.000000
   3.38650000E+01    2.54938000E-02 
   5.09479000E+00    1.90373000E-01 
   1.15879000E+00    8.52161000E-01 
S    1    1.000000
   3.25840000E-01    1.00000000E+00 
S    1    1.000000
   1.02741000E-01    1.00000000E+00 
S    1    1.000000
   3.60000000E-02    1.00000000E+00 
P    1    1.000000
   7.50000000E-01    1.00000000E+00 

5    0
S    1    1.000000
   4.56324000E+03    1.96665000E-03 
S    1    1.000000
   6.82024000E+02    1.52306000E-02 
S    1    1.000000
   1.54973000E+02    7.61269000E-02 
S    1    1.000000
   4.44553000E+01    2.60801000E-01 
S    1    1.000000
   1.30290000E+01    6.16462000E-01 
S    1    1.000000
   1.82773000E+00    2.21006000E-01 
SP   3    1.000000
   2.09642000E+01    1.14660000E-01   4.02487000E-02 
   4.80331000E+00    9.19999000E-01   2.37594000E-01 
   1.45933000E+00   -3.03068000E-03   8.15854000E-01 
SP   1    1.000000
   4.83456000E-01    1.00000000E+00   1.00000000E+00 
SP   1    1.000000
   1.45585000E-01    1.00000000E+00   1.00000000E+00 
SP   1    1.000000
   4.38000000E-02    1.00000000E+00   1.00000000E+00 
SP   1    1.000000
   1.31927711E-02    1.00000000E+00   1.00000000E+00 
D    1    1.000000
   6.26000000E-01    1.00000000E+00 

6    0
S    1    1.000000
   8.58850000E+03    1.89515000E-03 
S    1    1.000000
   1.29723000E+03    1.43859000E-02 
S    1    1.000000
   2.99296000E+02    7.07320000E-02 
S    1    1.000000
   8.73771000E+01    2.40001000E-01 
S    1    1.000000
   2.56789000E+01    5.94797000E-01 
S    1    1.000000
   3.74004000E+00    2.80802000E-01 
SP   3    1.000000
   4.21175000E+01    1.13889000E-01   3.65114000E-02 
   9.62837000E+00    9.20811000E-01   2.37153000E-01 
   2.85332000E+00   -3.27447000E-03   8.19702000E-01 
SP   1    1.000000
   9.05661000E-01    1.00000000E+00   1.00000000E+00 
SP   1    1.000000
   2.55611000E-01    1.00000000E+00   1.00000000E+00 
SP   1    1.000000
   8.45000000E-02    1.00000000E+00   1.00000000E+00 
SP   1    1.000000
   2.54518072E-02    1.00000000E+00   1.00000000E+00 
D    1    1.000000
   1.29200000E+00    1.00000000E+00 

7    0
S    1    1.000000
   4.56324000E+03    1.96665000E-03 
S    1    1.000000
   6.82024000E+02    1.52306000E-02 
S    1    1.000000
   1.54973000E+02    7.61269000E-02 
S    1    1.000000
   4.44553000E+01    2.60801000E-01 
S    1    1.000000
   1.30290000E+01    6.16462000E-01 
S    1    1.000000
   1.82773000E+00    2.21006000E-01 
SP   3    1.000000
   2.09642000E+01    1.14660000E-01   4.02487000E-02 
   4.80331000E+00    9.19999000E-01   2.37594000E-01 
   1.45933000E+00   -3.03068000E-03   8.15854000E-01 
SP   1    1.000000
   4.83456000E-01    1.00000000E+00   1.00000000E+00 
SP   1    1.000000
   1.45585000E-01    1.00000000E+00   1.00000000E+00 
SP   1    1.000000
   4.38000000E-02    1.00000000E+00   1.00000000E+00 
SP   1    1.000000
   1.31927711E-02    1.00000000E+00   1.00000000E+00 
D    1    1.000000
   6.26000000E-01    1.00000000E+00 

8    0
S    1    1.000000
   8.58850000E+03    1.89515000E-03 
S    1    1.000000
   1.29723000E+03    1.43859000E-02 
S    1    1.000000
   2.99296000E+02    7.07320000E-02 
S    1    1.000000
   8.73771000E+01    2.40001000E-01 
S    1    1.000000
   2.56789000E+01    5.94797000E-01 
S    1    1.000000
   3.74004000E+00    2.80802000E-01 
SP   3    1.000000
   4.21175000E+01    1.13889000E-01   3.65114000E-02 
   9.62837000E+00    9.20811000E-01   2.37153000E-01 
   2.85332000E+00   -3.27447000E-03   8.19702000E-01 
SP   1    1.000000
   9.05661000E-01    1.00000000E+00   1.00000000E+00 
SP   1    1.000000
   2.55611000E-01    1.00000000E+00   1.00000000E+00 
SP   1    1.000000
   8.45000000E-02    1.00000000E+00   1.00000000E+00 
SP   1    1.000000
   2.54518072E-02    1.00000000E+00   1.00000000E+00 
D    1    1.000000
   1.29200000E+00    1.00000000E+00 

9    0
S    1    1.000000
   6.29348000E+03    1.96979000E-03 
S    1    1.000000
   9.49044000E+02    1.49613000E-02 
S    1    1.000000
   2.18776000E+02    7.35006000E-02 
S    1    1.000000
   6.36916000E+01    2.48937000E-01 
S    1    1.000000
   1.88282000E+01    6.02460000E-01 
S    1    1.000000
   2.72023000E+00    2.56202000E-01 
SP   3    1.000000
   3.06331000E+01    1.11906000E-01   3.83119000E-02 
   7.02614000E+00    9.21666000E-01   2.37403000E-01 
   2.11205000E+00   -2.56919000E-03   8.17592000E-01 
SP   1    1.000000
   6.84009000E-01    1.00000000E+00   1.00000000E+00 
SP   1    1.000000
   2.00878000E-01    1.00000000E+00   1.00000000E+00 
SP   1    1.000000
   6.39000000E-02    1.00000000E+00   1.00000000E+00 
SP   1    1.000000
   1.92469880E-02    1.00000000E+00   1.00000000E+00 
D    1    1.000000
   9.13000000E-01    1.00000000E+00 

10    0
S    1    1.000000
   6.29348000E+03    1.96979000E-03 
S    1    1.000000
   9.49044000E+02    1.49613000E-02 
S    1    1.000000
   2.18776000E+02    7.35006000E-02 
S    1    1.000000
   6.36916000E+01    2.48937000E-01 
S    1    1.000000
   1.88282000E+01    6.02460000E-01 
S    1    1.000000
   2.72023000E+00    2.56202000E-01 
SP   3    1.000000
   3.06331000E+01    1.11906000E-01   3.83119000E-02 
   7.02614000E+00    9.21666000E-01   2.37403000E-01 
   2.11205000E+00   -2.56919000E-03   8.17592000E-01 
SP   1    1.000000
   6.84009000E-01    1.00000000E+00   1.00000000E+00 
SP   1    1.000000
   2.00878000E-01    1.00000000E+00   1.00000000E+00 
SP   1    1.000000
   6.39000000E-02    1.00000000E+00   1.00000000E+00 
SP   1    1.000000
   1.92469880E-02    1.00000000E+00   1.00000000E+00 
D    1    1.000000
   9.13000000E-01    1.00000000E+00 

11    0
S    1    1.000000
   4.56324000E+03    1.96665000E-03 
S    1    1.000000
   6.82024000E+02    1.52306000E-02 
S    1    1.000000
   1.54973000E+02    7.61269000E-02 
S    1    1.000000
   4.44553000E+01    2.60801000E-01 
S    1    1.000000
   1.30290000E+01    6.16462000E-01 
S    1    1.000000
   1.82773000E+00    2.21006000E-01 
SP   3    1.000000
   2.09642000E+01    1.14660000E-01   4.02487000E-02 
   4.80331000E+00    9.19999000E-01   2.37594000E-01 
   1.45933000E+00   -3.03068000E-03   8.15854000E-01 
SP   1    1.000000
   4.83456000E-01    1.00000000E+00   1.00000000E+00 
SP   1    1.000000
   1.45585000E-01    1.00000000E+00   1.00000000E+00 
SP   1    1.000000
   4.38000000E-02    1.00000000E+00   1.00000000E+00 
SP   1    1.000000
   1.31927711E-02    1.00000000E+00   1.00000000E+00 
D    1    1.000000
   6.26000000E-01    1.00000000E+00 

12    0
S    3    1.000000
   3.38650000E+01    2.54938000E-02 
   5.09479000E+00    1.90373000E-01 
   1.15879000E+00    8.52161000E-01 
S    1    1.000000
   3.25840000E-01    1.00000000E+00 
S    1    1.000000
   1.02741000E-01    1.00000000E+00 
S    1    1.000000
   3.60000000E-02    1.00000000E+00 
P    1    1.000000
   7.50000000E-01    1.00000000E+00 

[MO]
Sym=X
Ene=3.7e-05
Spin=Alpha
Occup=1
1    -0.00334304699
2    -0.016676162
3    -0.0572566991
4    -0.135242244
5    -0.0493550973
6    -0.181205057
7    0.000556414544
8    -5.91598004e-05
9    2.73706404e-15
10    -0.000201864346
11    4.4219982e-05
12    0.000287878891
13    1.98345001e-15
14    -0.00153190877
15    -0.000103070121
16    -0.000911249578
17    7.11362232e-15
18    -0.00155856459
19    0.000305342439
20    -0.000999295493
21    2.90024451e-14
22    -4.42390238e-05
23    -9.48579545e-05
24    -0.000183636983
25    -9.08324628e-15
26    9.56008478e-05
27    -1.59211973e-16
28    7.7569218e-05
29    2.49554228e-15
30    0.000146158473
31    4.26384844e-06
32    3.43662674e-05
33    7.246336e-05
34    0.000334237681
35    6.67214187e-06
36    -3.36562921e-06
37    -1.13940194e-15
38    -0.000119349057
39    -0.000123931757
40    -0.0004530484
41    -0.000386729493
42    3.14037214e-05
43    -5.80026998e-05
44    1.12907649e-15
45    1.29729064e-05
46    6.86233764e-05
47    -0.000108612932
48    0.00011242327
49    1.44161435e-06
50    -1.83916227e-05
51    -2.9361065e-15
52    0.000338531673
53    0.00262074277
54    0.0130737874
55    0.0448851104
56    0.106041385
57    0.0385659742
58    0.142023233
59    0.000195083929
60    -0.000141710189
61    -7.0777779e-15
62    0.000512971399
63    -0.000226974119
64    0.000165982853
65    -1.57211288e-14
66    -0.000175028153
67    -4.6706437e-05
68    5.87614095e-06
69    -1.0993827e-14
70    -0.000313386075
71    -0.00025635302
72    -0.000149597284
73    2.26336325e-14
74    -0.000314507933
75    -0.000127247124
76    7.24391333e-05
77    2.0042568e-14
78    -7.57862664e-05
79    -2.23905212e-15
80    -6.70911769e-05
81    1.83417088e-15
82    6.46162378e-05
83    2.2080458e-07
84    1.70531386e-06
85    8.11993744e-06
86    2.83921768e-05
87    6.4393664e-05
88    -1.8109022e-06
89    8.87730214e-05
90    6.46261192e-05
91    -3.95870108e-05
92    -6.04802551e-15
93    0.000173605213
94    0.000163493145
95    -9.20351956e-05
96    -8.95579937e-15
97    -4.2452575e-05
98    -5.10755123e-05
99    2.86041649e-05
100    -1.55794527e-14
101    -1.31982601e-05
102    4.05270006e-05
103    -2.64691147e-05
104    -1.46218688e-14
105    0.000179796887
106    0.00011123916
107    0.000102002109
108    -9.0403171e-15
109    -7.2644456e-05
110    1.19013254e-15
111    -3.47842736e-05
112    -1.40352336e-15
113    4.13814319e-05
114    -3.3352881e-05
115    -0.000258191996
116    -0.00128816367
117    -0.00442247272
118    -0.0104550288
119    -0.00390020894
120    -0.0140059247
121    1.90941924e-05
122    -9.4922241e-05
123    1.81584432e-15
124    0.000405245882
125    -6.11505423e-05
126    -0.000499205162
127    7.25774604e-15
128    -0.000632815818
129    0.000655858817
130    0.00087452825
131    2.41560331e-15
132    -0.000468608104
133    0.000472496246
134    0.00051545441
135    5.01127093e-14
136    -0.000100777975
137    -0.000163052003
138    -1.69725262e-05
139    -1.08200717e-14
140    2.2899927e-05
141    -9.82335212e-16
142    -5.10443124e-05
143    3.42099177e-15
144    -0.00027530056
145    -9.08275028e-06
146    -6.90604112e-05
147    -0.000338853474
148    -0.00115234069
149    -0.00286105023
150    -0.00138518365
151    -0.00407588211
152    2.63112331e-05
153    3.19304805e-05
154    2.99309809e-15
155    1.53645918e-05
156    -3.2502666e-05
157    -2.27097935e-05
158    4.43292618e-15
159    -0.000241562715
160    0.000125616634
161    1.64747834e-05
162    8.23910672e-15
163    -0.000899337934
164    0.000175938104
165    8.80955564e-05
166    5.93076345e-15
167    -0.00160352305
168    0.000313299252
169    0.000144309952
170    5.40433254e-15
171    1.52334423e-05
172    -3.45635231e-16
173    3.62637413e-06
174    -3.70122681e-16
175    -2.05541012e-05
176    -7.3906361e-06
177    -5.62136946e-05
178    -0.00027588185
179    -0.000934853289
180    -0.00227593326
181    -0.00104387494
182    -0.00312196952
183    -4.33687552e-05
184    -2.10775012e-06
185    -2.2027267e-15
186    0.000138182416
187    -0.0001339996
188    -0.000101370489
189    -9.25101284e-15
190    0.000216119997
191    -8.74525704e-05
192    -0.000200179664
193    3.025638e-15
194    0.000446587343
195    -0.000109887799
196    3.20100591e-05
197    -3.25598117e-14
198    0.000339357497
199    0.000603146925
200    -0.000112790786
201    -2.08316589e-15
202    4.5264103e-05
203    2.69897723e-16
204    -2.96930904e-05
205    2.51657511e-15
206    6.86636636e-05
207    -8.35993673e-07
208    -6.34888371e-06
209    -3.12087628e-05
210    -0.00010546522
211    -0.000258729167
212    -0.000113931531
213    -0.000340962722
214    -4.72631338e-05
215    4.81986378e-05
216    -1.53723295e-15
217    -4.90377283e-05
218    -0.000213035118
219    0.000349388217
220    -4.97609448e-15
221    0.000276265934
222    0.000160635703
223    8.0345692e-05
224    -4.26506563e-15
225    0.00122456985
226    0.000556629595
227    1.46149652e-05
228    -2.20973862e-14
229    0.000725432251
230    0.000121703803
231    0.00025621126
232    -7.05534991e-15
233    9.64315437e-05
234    -1.89606774e-15
235    9.67711263e-06
236    8.35614374e-16
237    -0.000132582597
238    0.000963516165
239    0.00745936
240    0.0372090681
241    0.127758859
242    0.301774712
243    0.110330703
244    0.404040011
245    -9.70325566e-05
246    0.000226692475
247    4.81810012e-15
248    0.00153262354
249    3.40244564e-05
250    -9.71385838e-05
251    5.46901356e-15
252    0.00197238669
253    -0.000958346383
254    0.000655831159
255    1.50370556e-14
256    0.0017950697
257    -0.000606398607
258    0.000915068999
259    -2.77703379e-14
260    0.000266900527
261    0.000169095522
262    0.000215091898
263    3.89074162e-14
264    8.22829259e-07
265    2.78159002e-16
266    -0.000101464175
267    3.51812891e-16
268    2.44433887e-05
269    0.000319535332
270    0.000396003661
271    0.000396894002
272    0.000489583057
273    -0.000201413279
274    0.000139103971
275    2.76691551e-15
[5D]