[Molden Format]
[Atoms] (Angs)
  C      1    6     -0.00714236     -1.70213747     -0.00000000
  H      2    1     -2.06882847     -1.44022412      0.00000000
  H      3    1     -0.12337987     -2.77567521      0.00000000
  H      4    1      0.04651892      1.98813947     -0.00000000
  C      5    6     -1.21953563      0.40211669      0.00000000
  O      6    8     -2.25921553      1.03043814      0.00000000
  C      7    6      1.28797806      0.34644937     -0.00000000
  O      8    8      2.31273661      1.00537216     -0.00000000
  N      9    7      0.03446295      0.97739857     -0.00000000
  N     10    7     -1.17287765     -0.98229824      0.00000000
  C     11    6      1.20107039     -1.10433419     -0.00000000
  H     12    1      2.11220096     -1.67699125     -0.00000000
[GTO]
1    0
S    1    1.000000
   4.56324000E+03    1.96665000E-03 
S    1    1.000000
   6.82024000E+02    1.52306000E-02 
S    1    1.000000
   1.54973000E+02    7.61269000E-02 
S    1    1.000000
   4.44553000E+01    2.60801000E-01 
S    1    1.000000
   1.30290000E+01    6.16462000E-01 
S    1    1.000000
   1.82773000E+00    2.21006000E-01 
SP   3    1.000000
   2.09642000E+01    1.14660000E-01   4.02487000E-02 
   4.80331000E+00    9.19999000E-01   2.37594000E-01 
   1.45933000E+00   -3.03068000E-03   8.15854000E-01 
SP   1    1.000000
   4.83456000E-01    1.00000000E+00   1.00000000E+00 
SP   1    1.000000
   1.45585000E-01    1.00000000E+00   1.00000000E+00 
SP   1    1.000000
   4.38000000E-02    1.00000000E+00   1.00000000E+00 
SP   1    1.000000
   1.31927711E-02    1.00000000E+00   1.00000000E+00 
D    1    1.000000
   6.26000000E-01    1.00000000E+00 

2    0
S    3    1.000000
   3.38650000E+01    2.54938000E-02 
   5.09479000E+00    1.90373000E-01 
   1.15879000E+00    8.52161000E-01 
S    1    1.000000
   3.25840000E-01    1.00000000E+00 
S    1    1.000000
   1.02741000E-01    1.00000000E+00 
S    1    1.000000
   3.60000000E-02    1.00000000E+00 
P    1    1.000000
   7.50000000E-01    1.00000000E+00 

3    0
S    3    1.000000
   3.38650000E+01    2.54938000E-02 
   5.09479000E+00    1.90373000E-01 
   1.15879000E+00    8.52161000E-01 
S    1    1.000000
   3.25840000E-01    1.00000000E+00 
S    1    1.000000
   1.02741000E-01    1.00000000E+00 
S    1    1.000000
   3.60000000E-02    1.00000000E+00 
P    1    1.000000
   7.50000000E-01    1.00000000E+00 

4    0
S    3    1.000000
   3.38650000E+01    2.54938000E-02 
   5.09479000E+00    1.90373000E-01 
   1.15879000E+00    8.52161000E-01 
S    1    1.000000
   3.25840000E-01    1.00000000E+00 
S    1    1.000000
   1.02741000E-01    1.00000000E+00 
S    1    1.000000
   3.60000000E-02    1.00000000E+00 
P    1    1.000000
   7.50000000E-01    1.00000000E+00 

5    0
S    1    1.000000
   4.56324000E+03    1.96665000E-03 
S    1    1.000000
   6.82024000E+02    1.52306000E-02 
S    1    1.000000
   1.54973000E+02    7.61269000E-02 
S    1    1.000000
   4.44553000E+01    2.60801000E-01 
S    1    1.000000
   1.30290000E+01    6.16462000E-01 
S    1    1.000000
   1.82773000E+00    2.21006000E-01 
SP   3    1.000000
   2.09642000E+01    1.14660000E-01   4.02487000E-02 
   4.80331000E+00    9.19999000E-01   2.37594000E-01 
   1.45933000E+00   -3.03068000E-03   8.15854000E-01 
SP   1    1.000000
   4.83456000E-01    1.00000000E+00   1.00000000E+00 
SP   1    1.000000
   1.45585000E-01    1.00000000E+00   1.00000000E+00 
SP   1    1.000000
   4.38000000E-02    1.00000000E+00   1.00000000E+00 
SP   1    1.000000
   1.31927711E-02    1.00000000E+00   1.00000000E+00 
D    1    1.000000
   6.26000000E-01    1.00000000E+00 

6    0
S    1    1.000000
   8.58850000E+03    1.89515000E-03 
S    1    1.000000
   1.29723000E+03    1.43859000E-02 
S    1    1.000000
   2.99296000E+02    7.07320000E-02 
S    1    1.000000
   8.73771000E+01    2.40001000E-01 
S    1    1.000000
   2.56789000E+01    5.94797000E-01 
S    1    1.000000
   3.74004000E+00    2.80802000E-01 
SP   3    1.000000
   4.21175000E+01    1.13889000E-01   3.65114000E-02 
   9.62837000E+00    9.20811000E-01   2.37153000E-01 
   2.85332000E+00   -3.27447000E-03   8.19702000E-01 
SP   1    1.000000
   9.05661000E-01    1.00000000E+00   1.00000000E+00 
SP   1    1.000000
   2.55611000E-01    1.00000000E+00   1.00000000E+00 
SP   1    1.000000
   8.45000000E-02    1.00000000E+00   1.00000000E+00 
SP   1    1.000000
   2.54518072E-02    1.00000000E+00   1.00000000E+00 
D    1    1.000000
   1.29200000E+00    1.00000000E+00 

7    0
S    1    1.000000
   4.56324000E+03    1.96665000E-03 
S    1    1.000000
   6.82024000E+02    1.52306000E-02 
S    1    1.000000
   1.54973000E+02    7.61269000E-02 
S    1    1.000000
   4.44553000E+01    2.60801000E-01 
S    1    1.000000
   1.30290000E+01    6.16462000E-01 
S    1    1.000000
   1.82773000E+00    2.21006000E-01 
SP   3    1.000000
   2.09642000E+01    1.14660000E-01   4.02487000E-02 
   4.80331000E+00    9.19999000E-01   2.37594000E-01 
   1.45933000E+00   -3.03068000E-03   8.15854000E-01 
SP   1    1.000000
   4.83456000E-01    1.00000000E+00   1.00000000E+00 
SP   1    1.000000
   1.45585000E-01    1.00000000E+00   1.00000000E+00 
SP   1    1.000000
   4.38000000E-02    1.00000000E+00   1.00000000E+00 
SP   1    1.000000
   1.31927711E-02    1.00000000E+00   1.00000000E+00 
D    1    1.000000
   6.26000000E-01    1.00000000E+00 

8    0
S    1    1.000000
   8.58850000E+03    1.89515000E-03 
S    1    1.000000
   1.29723000E+03    1.43859000E-02 
S    1    1.000000
   2.99296000E+02    7.07320000E-02 
S    1    1.000000
   8.73771000E+01    2.40001000E-01 
S    1    1.000000
   2.56789000E+01    5.94797000E-01 
S    1    1.000000
   3.74004000E+00    2.80802000E-01 
SP   3    1.000000
   4.21175000E+01    1.13889000E-01   3.65114000E-02 
   9.62837000E+00    9.20811000E-01   2.37153000E-01 
   2.85332000E+00   -3.27447000E-03   8.19702000E-01 
SP   1    1.000000
   9.05661000E-01    1.00000000E+00   1.00000000E+00 
SP   1    1.000000
   2.55611000E-01    1.00000000E+00   1.00000000E+00 
SP   1    1.000000
   8.45000000E-02    1.00000000E+00   1.00000000E+00 
SP   1    1.000000
   2.54518072E-02    1.00000000E+00   1.00000000E+00 
D    1    1.000000
   1.29200000E+00    1.00000000E+00 

9    0
S    1    1.000000
   6.29348000E+03    1.96979000E-03 
S    1    1.000000
   9.49044000E+02    1.49613000E-02 
S    1    1.000000
   2.18776000E+02    7.35006000E-02 
S    1    1.000000
   6.36916000E+01    2.48937000E-01 
S    1    1.000000
   1.88282000E+01    6.02460000E-01 
S    1    1.000000
   2.72023000E+00    2.56202000E-01 
SP   3    1.000000
   3.06331000E+01    1.11906000E-01   3.83119000E-02 
   7.02614000E+00    9.21666000E-01   2.37403000E-01 
   2.11205000E+00   -2.56919000E-03   8.17592000E-01 
SP   1    1.000000
   6.84009000E-01    1.00000000E+00   1.00000000E+00 
SP   1    1.000000
   2.00878000E-01    1.00000000E+00   1.00000000E+00 
SP   1    1.000000
   6.39000000E-02    1.00000000E+00   1.00000000E+00 
SP   1    1.000000
   1.92469880E-02    1.00000000E+00   1.00000000E+00 
D    1    1.000000
   9.13000000E-01    1.00000000E+00 

10    0
S    1    1.000000
   6.29348000E+03    1.96979000E-03 
S    1    1.000000
   9.49044000E+02    1.49613000E-02 
S    1    1.000000
   2.18776000E+02    7.35006000E-02 
S    1    1.000000
   6.36916000E+01    2.48937000E-01 
S    1    1.000000
   1.88282000E+01    6.02460000E-01 
S    1    1.000000
   2.72023000E+00    2.56202000E-01 
SP   3    1.000000
   3.06331000E+01    1.11906000E-01   3.83119000E-02 
   7.02614000E+00    9.21666000E-01   2.37403000E-01 
   2.11205000E+00   -2.56919000E-03   8.17592000E-01 
SP   1    1.000000
   6.84009000E-01    1.00000000E+00   1.00000000E+00 
SP   1    1.000000
   2.00878000E-01    1.00000000E+00   1.00000000E+00 
SP   1    1.000000
   6.39000000E-02    1.00000000E+00   1.00000000E+00 
SP   1    1.000000
   1.92469880E-02    1.00000000E+00   1.00000000E+00 
D    1    1.000000
   9.13000000E-01    1.00000000E+00 

11    0
S    1    1.000000
   4.56324000E+03    1.96665000E-03 
S    1    1.000000
   6.82024000E+02    1.52306000E-02 
S    1    1.000000
   1.54973000E+02    7.61269000E-02 
S    1    1.000000
   4.44553000E+01    2.60801000E-01 
S    1    1.000000
   1.30290000E+01    6.16462000E-01 
S    1    1.000000
   1.82773000E+00    2.21006000E-01 
SP   3    1.000000
   2.09642000E+01    1.14660000E-01   4.02487000E-02 
   4.80331000E+00    9.19999000E-01   2.37594000E-01 
   1.45933000E+00   -3.03068000E-03   8.15854000E-01 
SP   1    1.000000
   4.83456000E-01    1.00000000E+00   1.00000000E+00 
SP   1    1.000000
   1.45585000E-01    1.00000000E+00   1.00000000E+00 
SP   1    1.000000
   4.38000000E-02    1.00000000E+00   1.00000000E+00 
SP   1    1.000000
   1.31927711E-02    1.00000000E+00   1.00000000E+00 
D    1    1.000000
   6.26000000E-01    1.00000000E+00 

12    0
S    3    1.000000
   3.38650000E+01    2.54938000E-02 
   5.09479000E+00    1.90373000E-01 
   1.15879000E+00    8.52161000E-01 
S    1    1.000000
   3.25840000E-01    1.00000000E+00 
S    1    1.000000
   1.02741000E-01    1.00000000E+00 
S    1    1.000000
   3.60000000E-02    1.00000000E+00 
P    1    1.000000
   7.50000000E-01    1.00000000E+00 

[MO]
Sym=X
Ene=0.026678
Spin=Alpha
Occup=1
1    -0.00858247537
2    -0.0428129596
3    -0.146990693
4    -0.347235645
5    -0.12662004
6    -0.464996095
7    0.00111778312
8    -0.000312634912
9    8.88508391e-16
10    -0.00165649826
11    -0.00104749417
12    7.29959066e-05
13    -2.37726684e-15
14    -0.001506135
15    0.00029500063
16    -0.000875710889
17    8.5331881e-15
18    -0.000967988136
19    0.000700209149
20    -0.000602250775
21    -8.5263289e-14
22    0.000146594373
23    -7.55530212e-05
24    2.34542361e-05
25    6.16883559e-14
26    -0.000357032721
27    3.15934841e-16
28    0.000236792598
29    -1.03998156e-16
30    -8.33526158e-05
31    -2.82547513e-05
32    -4.92620749e-05
33    -3.4492286e-05
34    0.000110063436
35    -4.59309929e-05
36    -1.54488925e-05
37    2.88524107e-16
38    -0.00037908114
39    -0.000461710703
40    -0.000251708823
41    -0.000158161569
42    -4.01588164e-05
43    -0.000305755697
44    1.36842776e-16
45    -1.23002688e-05
46    5.79276184e-05
47    -0.000241987728
48    -0.000245098587
49    -5.37657991e-06
50    -4.60197351e-06
51    -7.44387534e-16
52    1.23021496e-08
53    6.43157862e-08
54    5.39658544e-07
55    1.02492894e-06
56    1.1418624e-05
57    4.74883998e-05
58    -1.95171512e-05
59    5.07057513e-06
60    -2.13219918e-05
61    -2.18731292e-15
62    -0.000107054627
63    -1.90561096e-05
64    8.31089196e-05
65    -2.20671022e-16
66    -0.000248438384
67    0.000621571772
68    -0.000392370959
69    -4.59699481e-15
70    -0.000676123394
71    0.000312995857
72    -0.000577487237
73    -9.67530529e-14
74    -0.000502137679
75    -0.000177328652
76    -6.80057582e-06
77    -7.78831845e-14
78    1.80975164e-05
79    -5.20980496e-16
80    -3.73871172e-06
81    6.53700696e-16
82    4.39504438e-05
83    1.62225556e-08
84    9.76998814e-08
85    6.65119595e-07
86    1.56802605e-06
87    1.06332452e-05
88    2.76068772e-05
89    -7.95659219e-06
90    4.12466775e-06
91    -1.8874543e-06
92    -1.49839933e-15
93    -6.92439518e-05
94    -2.6083083e-05
95    2.57443076e-05
96    -1.37967692e-15
97    0.000302432168
98    0.000156011881
99    -8.66157131e-05
100    -6.73417791e-15
101    0.00101217787
102    0.00015820762
103    -0.000135133365
104    7.63336631e-15
105    0.00135015642
106    0.000276631113
107    -4.46494067e-05
108    2.57976039e-14
109    2.24710332e-06
110    7.66502028e-16
111    -6.95390708e-07
112    -4.580937e-16
113    5.4018867e-06
114    -5.09815719e-06
115    -3.95184001e-05
116    -0.000196776854
117    -0.000677013265
118    -0.0015861803
119    -0.000528902958
120    -0.00217278794
121    -3.85970704e-06
122    -3.08990279e-05
123    -3.52385276e-16
124    -8.3096581e-05
125    2.59318601e-05
126    9.81924372e-05
127    -4.79149e-16
128    -0.000243406036
129    0.000212093493
130    0.000152091296
131    3.77902345e-15
132    9.99413624e-05
133    -0.000230069011
134    -0.000209957812
135    -9.78522038e-14
136    -5.05408842e-05
137    -0.000193039123
138    7.23184695e-05
139    3.12506372e-14
140    -3.53418117e-05
141    1.42658005e-16
142    4.93262883e-06
143    3.32804943e-16
144    3.92761509e-05
145    9.0885177e-08
146    6.936776e-07
147    3.3863282e-06
148    1.15828181e-05
149    2.79994249e-05
150    1.10384253e-05
151    4.33397616e-05
152    3.35829235e-07
153    -1.23380223e-06
154    -5.90971994e-16
155    7.56178115e-06
156    8.57750594e-06
157    2.07673699e-05
158    2.62003166e-15
159    -0.000114974136
160    2.92981985e-06
161    -7.67832886e-07
162    -7.2009322e-15
163    7.89803639e-05
164    1.07527201e-05
165    1.72287537e-05
166    1.86959111e-14
167    -6.95271458e-05
168    -3.42290042e-06
169    5.17637801e-05
170    -3.88877338e-15
171    -4.53672292e-06
172    9.56015152e-17
173    1.77966571e-06
174    2.97341404e-16
175    5.22390616e-06
176    -4.62308306e-07
177    -3.55876746e-06
178    -1.71578087e-05
179    -5.93147258e-05
180    -0.000133673676
181    -2.45675028e-05
182    -0.000219504267
183    -1.11925126e-06
184    -7.26729071e-06
185    -2.34354726e-15
186    -7.24642665e-05
187    4.76036735e-06
188    3.05186092e-05
189    3.73570785e-15
190    -2.14069773e-05
191    4.24059935e-05
192    -2.8260682e-05
193    -1.94280486e-14
194    -5.7579325e-05
195    -0.000173228152
196    0.000533166949
197    6.53520985e-14
198    -0.00073261594
199    0.000312938232
200    0.000119996766
201    6.6058693e-14
202    -6.01789866e-06
203    2.42778587e-16
204    3.20475462e-06
205    3.75442564e-16
206    -6.69533973e-06
207    2.85105254e-06
208    2.15367079e-05
209    0.000106878307
210    0.000358164447
211    0.000912259619
212    0.000610104009
213    0.00115209102
214    -6.80874827e-05
215    4.09731688e-05
216    -2.84028815e-15
217    -0.000660011295
218    -0.000729315417
219    0.000442142953
220    6.65571969e-15
221    0.000102920162
222    2.25238859e-05
223    -7.58298426e-05
224    -2.19955454e-14
225    0.00135580049
226    0.000467221256
227    -0.000359138631
228    6.74992377e-14
229    0.000602211007
230    0.000322820686
231    -4.86876669e-05
232    2.6763709e-14
233    0.000327299901
234    -5.53650497e-17
235    0.000129923573
236    -1.75450885e-16
237    -0.000181627959
238    4.05090525e-05
239    0.000313764472
240    0.00156417724
241    0.00537507426
242    0.0126576493
243    0.00455635215
244    0.0171316715
245    0.000143732167
246    8.13229076e-05
247    -3.23602389e-16
248    -0.000103494714
249    0.000236886766
250    9.82266591e-05
251    2.40468302e-15
252    0.000869376972
253    -0.000621960391
254    0.000288382029
255    -1.04352019e-14
256    -0.000996790534
257    -1.19844153e-05
258    0.000663059974
259    9.57892972e-14
260    0.000228375404
261    0.000174227015
262    0.000116652455
263    -6.48130951e-14
264    -0.000161525625
265    -4.83944006e-16
266    -5.43548497e-05
267    6.51140164e-16
268    -0.000144945027
269    -1.19008657e-05
270    -5.94277732e-06
271    0.000370992452
272    0.000300833467
273    7.57283871e-05
274    2.01635179e-05
275    6.2566929e-16
[5D]