[Molden Format]
[Atoms] (Angs)
  C      1    6     -0.00714236     -1.70213747     -0.00000000
  H      2    1     -2.06882847     -1.44022412      0.00000000
  H      3    1     -0.12337987     -2.77567521      0.00000000
  H      4    1      0.04651892      1.98813947     -0.00000000
  C      5    6     -1.21953563      0.40211669      0.00000000
  O      6    8     -2.25921553      1.03043814      0.00000000
  C      7    6      1.28797806      0.34644937     -0.00000000
  O      8    8      2.31273661      1.00537216     -0.00000000
  N      9    7      0.03446295      0.97739857     -0.00000000
  N     10    7     -1.17287765     -0.98229824      0.00000000
  C     11    6      1.20107039     -1.10433419     -0.00000000
  H     12    1      2.11220096     -1.67699125     -0.00000000
[GTO]
1    0
S    1    1.000000
   4.56324000E+03    1.96665000E-03 
S    1    1.000000
   6.82024000E+02    1.52306000E-02 
S    1    1.000000
   1.54973000E+02    7.61269000E-02 
S    1    1.000000
   4.44553000E+01    2.60801000E-01 
S    1    1.000000
   1.30290000E+01    6.16462000E-01 
S    1    1.000000
   1.82773000E+00    2.21006000E-01 
SP   3    1.000000
   2.09642000E+01    1.14660000E-01   4.02487000E-02 
   4.80331000E+00    9.19999000E-01   2.37594000E-01 
   1.45933000E+00   -3.03068000E-03   8.15854000E-01 
SP   1    1.000000
   4.83456000E-01    1.00000000E+00   1.00000000E+00 
SP   1    1.000000
   1.45585000E-01    1.00000000E+00   1.00000000E+00 
SP   1    1.000000
   4.38000000E-02    1.00000000E+00   1.00000000E+00 
SP   1    1.000000
   1.31927711E-02    1.00000000E+00   1.00000000E+00 
D    1    1.000000
   6.26000000E-01    1.00000000E+00 

2    0
S    3    1.000000
   3.38650000E+01    2.54938000E-02 
   5.09479000E+00    1.90373000E-01 
   1.15879000E+00    8.52161000E-01 
S    1    1.000000
   3.25840000E-01    1.00000000E+00 
S    1    1.000000
   1.02741000E-01    1.00000000E+00 
S    1    1.000000
   3.60000000E-02    1.00000000E+00 
P    1    1.000000
   7.50000000E-01    1.00000000E+00 

3    0
S    3    1.000000
   3.38650000E+01    2.54938000E-02 
   5.09479000E+00    1.90373000E-01 
   1.15879000E+00    8.52161000E-01 
S    1    1.000000
   3.25840000E-01    1.00000000E+00 
S    1    1.000000
   1.02741000E-01    1.00000000E+00 
S    1    1.000000
   3.60000000E-02    1.00000000E+00 
P    1    1.000000
   7.50000000E-01    1.00000000E+00 

4    0
S    3    1.000000
   3.38650000E+01    2.54938000E-02 
   5.09479000E+00    1.90373000E-01 
   1.15879000E+00    8.52161000E-01 
S    1    1.000000
   3.25840000E-01    1.00000000E+00 
S    1    1.000000
   1.02741000E-01    1.00000000E+00 
S    1    1.000000
   3.60000000E-02    1.00000000E+00 
P    1    1.000000
   7.50000000E-01    1.00000000E+00 

5    0
S    1    1.000000
   4.56324000E+03    1.96665000E-03 
S    1    1.000000
   6.82024000E+02    1.52306000E-02 
S    1    1.000000
   1.54973000E+02    7.61269000E-02 
S    1    1.000000
   4.44553000E+01    2.60801000E-01 
S    1    1.000000
   1.30290000E+01    6.16462000E-01 
S    1    1.000000
   1.82773000E+00    2.21006000E-01 
SP   3    1.000000
   2.09642000E+01    1.14660000E-01   4.02487000E-02 
   4.80331000E+00    9.19999000E-01   2.37594000E-01 
   1.45933000E+00   -3.03068000E-03   8.15854000E-01 
SP   1    1.000000
   4.83456000E-01    1.00000000E+00   1.00000000E+00 
SP   1    1.000000
   1.45585000E-01    1.00000000E+00   1.00000000E+00 
SP   1    1.000000
   4.38000000E-02    1.00000000E+00   1.00000000E+00 
SP   1    1.000000
   1.31927711E-02    1.00000000E+00   1.00000000E+00 
D    1    1.000000
   6.26000000E-01    1.00000000E+00 

6    0
S    1    1.000000
   8.58850000E+03    1.89515000E-03 
S    1    1.000000
   1.29723000E+03    1.43859000E-02 
S    1    1.000000
   2.99296000E+02    7.07320000E-02 
S    1    1.000000
   8.73771000E+01    2.40001000E-01 
S    1    1.000000
   2.56789000E+01    5.94797000E-01 
S    1    1.000000
   3.74004000E+00    2.80802000E-01 
SP   3    1.000000
   4.21175000E+01    1.13889000E-01   3.65114000E-02 
   9.62837000E+00    9.20811000E-01   2.37153000E-01 
   2.85332000E+00   -3.27447000E-03   8.19702000E-01 
SP   1    1.000000
   9.05661000E-01    1.00000000E+00   1.00000000E+00 
SP   1    1.000000
   2.55611000E-01    1.00000000E+00   1.00000000E+00 
SP   1    1.000000
   8.45000000E-02    1.00000000E+00   1.00000000E+00 
SP   1    1.000000
   2.54518072E-02    1.00000000E+00   1.00000000E+00 
D    1    1.000000
   1.29200000E+00    1.00000000E+00 

7    0
S    1    1.000000
   4.56324000E+03    1.96665000E-03 
S    1    1.000000
   6.82024000E+02    1.52306000E-02 
S    1    1.000000
   1.54973000E+02    7.61269000E-02 
S    1    1.000000
   4.44553000E+01    2.60801000E-01 
S    1    1.000000
   1.30290000E+01    6.16462000E-01 
S    1    1.000000
   1.82773000E+00    2.21006000E-01 
SP   3    1.000000
   2.09642000E+01    1.14660000E-01   4.02487000E-02 
   4.80331000E+00    9.19999000E-01   2.37594000E-01 
   1.45933000E+00   -3.03068000E-03   8.15854000E-01 
SP   1    1.000000
   4.83456000E-01    1.00000000E+00   1.00000000E+00 
SP   1    1.000000
   1.45585000E-01    1.00000000E+00   1.00000000E+00 
SP   1    1.000000
   4.38000000E-02    1.00000000E+00   1.00000000E+00 
SP   1    1.000000
   1.31927711E-02    1.00000000E+00   1.00000000E+00 
D    1    1.000000
   6.26000000E-01    1.00000000E+00 

8    0
S    1    1.000000
   8.58850000E+03    1.89515000E-03 
S    1    1.000000
   1.29723000E+03    1.43859000E-02 
S    1    1.000000
   2.99296000E+02    7.07320000E-02 
S    1    1.000000
   8.73771000E+01    2.40001000E-01 
S    1    1.000000
   2.56789000E+01    5.94797000E-01 
S    1    1.000000
   3.74004000E+00    2.80802000E-01 
SP   3    1.000000
   4.21175000E+01    1.13889000E-01   3.65114000E-02 
   9.62837000E+00    9.20811000E-01   2.37153000E-01 
   2.85332000E+00   -3.27447000E-03   8.19702000E-01 
SP   1    1.000000
   9.05661000E-01    1.00000000E+00   1.00000000E+00 
SP   1    1.000000
   2.55611000E-01    1.00000000E+00   1.00000000E+00 
SP   1    1.000000
   8.45000000E-02    1.00000000E+00   1.00000000E+00 
SP   1    1.000000
   2.54518072E-02    1.00000000E+00   1.00000000E+00 
D    1    1.000000
   1.29200000E+00    1.00000000E+00 

9    0
S    1    1.000000
   6.29348000E+03    1.96979000E-03 
S    1    1.000000
   9.49044000E+02    1.49613000E-02 
S    1    1.000000
   2.18776000E+02    7.35006000E-02 
S    1    1.000000
   6.36916000E+01    2.48937000E-01 
S    1    1.000000
   1.88282000E+01    6.02460000E-01 
S    1    1.000000
   2.72023000E+00    2.56202000E-01 
SP   3    1.000000
   3.06331000E+01    1.11906000E-01   3.83119000E-02 
   7.02614000E+00    9.21666000E-01   2.37403000E-01 
   2.11205000E+00   -2.56919000E-03   8.17592000E-01 
SP   1    1.000000
   6.84009000E-01    1.00000000E+00   1.00000000E+00 
SP   1    1.000000
   2.00878000E-01    1.00000000E+00   1.00000000E+00 
SP   1    1.000000
   6.39000000E-02    1.00000000E+00   1.00000000E+00 
SP   1    1.000000
   1.92469880E-02    1.00000000E+00   1.00000000E+00 
D    1    1.000000
   9.13000000E-01    1.00000000E+00 

10    0
S    1    1.000000
   6.29348000E+03    1.96979000E-03 
S    1    1.000000
   9.49044000E+02    1.49613000E-02 
S    1    1.000000
   2.18776000E+02    7.35006000E-02 
S    1    1.000000
   6.36916000E+01    2.48937000E-01 
S    1    1.000000
   1.88282000E+01    6.02460000E-01 
S    1    1.000000
   2.72023000E+00    2.56202000E-01 
SP   3    1.000000
   3.06331000E+01    1.11906000E-01   3.83119000E-02 
   7.02614000E+00    9.21666000E-01   2.37403000E-01 
   2.11205000E+00   -2.56919000E-03   8.17592000E-01 
SP   1    1.000000
   6.84009000E-01    1.00000000E+00   1.00000000E+00 
SP   1    1.000000
   2.00878000E-01    1.00000000E+00   1.00000000E+00 
SP   1    1.000000
   6.39000000E-02    1.00000000E+00   1.00000000E+00 
SP   1    1.000000
   1.92469880E-02    1.00000000E+00   1.00000000E+00 
D    1    1.000000
   9.13000000E-01    1.00000000E+00 

11    0
S    1    1.000000
   4.56324000E+03    1.96665000E-03 
S    1    1.000000
   6.82024000E+02    1.52306000E-02 
S    1    1.000000
   1.54973000E+02    7.61269000E-02 
S    1    1.000000
   4.44553000E+01    2.60801000E-01 
S    1    1.000000
   1.30290000E+01    6.16462000E-01 
S    1    1.000000
   1.82773000E+00    2.21006000E-01 
SP   3    1.000000
   2.09642000E+01    1.14660000E-01   4.02487000E-02 
   4.80331000E+00    9.19999000E-01   2.37594000E-01 
   1.45933000E+00   -3.03068000E-03   8.15854000E-01 
SP   1    1.000000
   4.83456000E-01    1.00000000E+00   1.00000000E+00 
SP   1    1.000000
   1.45585000E-01    1.00000000E+00   1.00000000E+00 
SP   1    1.000000
   4.38000000E-02    1.00000000E+00   1.00000000E+00 
SP   1    1.000000
   1.31927711E-02    1.00000000E+00   1.00000000E+00 
D    1    1.000000
   6.26000000E-01    1.00000000E+00 

12    0
S    3    1.000000
   3.38650000E+01    2.54938000E-02 
   5.09479000E+00    1.90373000E-01 
   1.15879000E+00    8.52161000E-01 
S    1    1.000000
   3.25840000E-01    1.00000000E+00 
S    1    1.000000
   1.02741000E-01    1.00000000E+00 
S    1    1.000000
   3.60000000E-02    1.00000000E+00 
P    1    1.000000
   7.50000000E-01    1.00000000E+00 

[MO]
Sym=X
Ene=3.4e-05
Spin=Alpha
Occup=1
1    0.0066852626
2    0.0333490313
3    0.114497314
4    0.270483401
5    0.098656011
6    0.362184316
7    -0.000862809533
8    0.000258270566
9    -1.19896466e-15
10    0.00126181548
11    0.000860993211
12    -8.20329738e-05
13    1.14148612e-15
14    0.00129362111
15    -0.000267615959
16    0.000674700454
17    -8.25642529e-15
18    -0.000557954728
19    -0.000807047637
20    -0.000108240687
21    7.34040382e-14
22    -0.000300148865
23    0.000143362532
24    -9.42624401e-06
25    -6.22872738e-14
26    0.000305564085
27    -7.70599946e-16
28    -0.00019479851
29    -1.64714102e-16
30    7.65685477e-05
31    1.31742446e-06
32    4.9391212e-05
33    -5.06875271e-05
34    -0.000225523484
35    1.6047147e-05
36    1.56346664e-06
37    -1.98672952e-16
38    0.00029141848
39    0.000331817376
40    0.000189039334
41    -0.000385841677
42    3.45988393e-05
43    0.000231135116
44    -9.08290286e-17
45    -1.86499106e-05
46    -8.49760831e-05
47    0.000201371379
48    0.000313340742
49    1.19674846e-05
50    4.31835845e-05
51    1.02872798e-17
52    -0.000589119407
53    -0.00456063641
54    -0.0227513282
55    -0.0781092973
56    -0.184541839
57    -0.0671457794
58    -0.24713192
59    -0.00034031045
60    0.000256022563
61    1.27260812e-15
62    -0.000802277161
63    0.000387744371
64    -0.000323503726
65    3.10695141e-16
66    -0.000595203166
67    -0.00056207794
68    0.000360933719
69    3.94527328e-16
70    0.000562390629
71    0.000159385762
72    0.000280243954
73    1.00148792e-13
74    0.000946208181
75    0.000204468581
76    -3.32514985e-05
77    8.72438048e-14
78    0.000131301407
79    4.41172085e-16
80    0.0001316088
81    -1.03846417e-15
82    -0.000133391246
83    -6.41336221e-07
84    -4.91308873e-06
85    -2.37432283e-05
86    -8.18491657e-05
87    -0.000195075222
88    -4.54961831e-05
89    -0.000264127092
90    -0.000116665036
91    7.00868005e-05
92    1.18893665e-15
93    -0.000276764289
94    -0.000269101411
95    0.000150104979
96    9.99948173e-16
97    -4.81875064e-05
98    2.91951497e-05
99    -2.50315907e-05
100    7.07207298e-15
101    -0.000657512023
102    -0.000205876675
103    0.00017295785
104    -7.58615289e-15
105    -0.000530267312
106    -0.000154375165
107    -8.46589851e-05
108    -2.85722213e-14
109    0.000123694445
110    -8.98589343e-16
111    6.20519475e-05
112    1.40895634e-16
113    -7.30743551e-05
114    -0.000367821119
115    -0.00284745156
116    -0.0142049656
117    -0.0487673171
118    -0.11522193
119    -0.0419546855
120    -0.154290411
121    0.000241485445
122    -0.000145334694
123    -1.91011605e-15
124    -0.000461395799
125    -0.000261215442
126    -4.69832306e-05
127    -4.25155012e-15
128    -0.0004028891
129    -0.000237612937
130    -0.000258125833
131    -6.06812526e-15
132    -0.00119672675
133    0.000394774472
134    -0.000125879916
135    6.84921608e-14
136    -0.00020905856
137    0.000310507396
138    -5.19697262e-07
139    -3.42590145e-14
140    -7.30648429e-05
141    -3.22825519e-16
142    7.31891718e-05
143    -4.77601048e-16
144    -6.11206164e-05
145    5.99176404e-06
146    4.5538908e-05
147    0.000223649775
148    0.000759969526
149    0.00189096457
150    0.000945322061
151    0.00270873452
152    5.93457566e-05
153    4.29534047e-05
154    -1.29574679e-15
155    -0.000206102766
156    0.000193069233
157    0.000108633443
158    -4.16142889e-15
159    0.000231423308
160    -0.000105457982
161    -6.76393675e-05
162    9.92946668e-16
163    0.000357450618
164    -9.26740572e-05
165    -6.31630543e-06
166    -1.67998276e-14
167    0.000738137149
168    -0.000192564044
169    -0.000116517922
170    1.297697e-14
171    -7.93568865e-05
172    2.63614543e-16
173    3.60327374e-05
174    2.38936114e-16
175    -4.74206498e-05
176    -5.54928592e-06
177    -4.23515011e-05
178    -0.000206702337
179    -0.000704299624
180    -0.00167584897
181    -0.000586406148
182    -0.00239086069
183    2.38994409e-05
184    4.38820653e-05
185    9.0926376e-16
186    -0.000445993689
187    0.000102563468
188    0.000238823516
189    -5.45653201e-15
190    6.50753762e-05
191    -9.51993006e-05
192    6.62021007e-05
193    1.38889117e-14
194    0.000701215569
195    0.000199701773
196    -0.000567397853
197    -5.64265236e-14
198    0.000452296468
199    -0.0003823183
200    -0.000150250565
201    -6.25457248e-14
202    -2.95233686e-05
203    -1.31919843e-16
204    9.06629681e-05
205    -7.19305896e-16
206    -0.000175905942
207    -3.31980689e-06
208    -2.52272086e-05
209    -0.000124001483
210    -0.000419579904
211    -0.00102824742
212    -0.000510618816
213    -0.00139514177
214    4.93991659e-05
215    -7.37038482e-05
216    2.81273583e-15
217    0.000198608155
218    0.000584189185
219    -0.000724944019
220    -6.59461605e-15
221    -1.4502393e-05
222    -2.81016907e-05
223    0.000152129582
224    2.17877994e-14
225    -0.000783323701
226    -0.000535037859
227    0.000398988653
228    -6.31391604e-14
229    -0.00071684566
230    -0.000162473185
231    -0.000225082956
232    -1.76191379e-14
233    -0.000239469811
234    -3.33953613e-17
235    -4.70838688e-05
236    -9.8751999e-17
237    0.000314075289
238    5.15051633e-05
239    0.000398619139
240    0.00198922273
241    0.0068265385
242    0.0161580574
243    0.00599505827
244    0.0214859131
245    -0.000129764223
246    -7.42553885e-05
247    -1.22741129e-15
248    7.96665535e-05
249    -0.000176021555
250    -0.000261424446
251    -4.31847285e-15
252    -0.000534715488
253    0.000467533096
254    -0.000117558626
255    4.35476494e-15
256    0.00193798737
257    -0.000446261634
258    -0.000620780243
259    -7.52366726e-14
260    -0.00032476374
261    -0.000199828574
262    -0.000172641855
263    6.90418669e-14
264    0.000106365698
265    -2.29661178e-16
266    4.16613841e-05
267    -5.00464944e-16
268    0.000212876507
269    2.68155276e-05
270    -1.92687511e-05
271    -0.000212484345
272    -0.000236711989
273    -5.9606465e-05
274    -3.21461597e-05
275    -1.14584311e-15
[5D]