[Molden Format]
[Atoms] (Angs)
  C      1    6     -0.00714236     -1.70213747     -0.00000000
  H      2    1     -2.06882847     -1.44022412      0.00000000
  H      3    1     -0.12337987     -2.77567521      0.00000000
  H      4    1      0.04651892      1.98813947     -0.00000000
  C      5    6     -1.21953563      0.40211669      0.00000000
  O      6    8     -2.25921553      1.03043814      0.00000000
  C      7    6      1.28797806      0.34644937     -0.00000000
  O      8    8      2.31273661      1.00537216     -0.00000000
  N      9    7      0.03446295      0.97739857     -0.00000000
  N     10    7     -1.17287765     -0.98229824      0.00000000
  C     11    6      1.20107039     -1.10433419     -0.00000000
  H     12    1      2.11220096     -1.67699125     -0.00000000
[GTO]
1    0
S    1    1.000000
   4.56324000E+03    1.96665000E-03 
S    1    1.000000
   6.82024000E+02    1.52306000E-02 
S    1    1.000000
   1.54973000E+02    7.61269000E-02 
S    1    1.000000
   4.44553000E+01    2.60801000E-01 
S    1    1.000000
   1.30290000E+01    6.16462000E-01 
S    1    1.000000
   1.82773000E+00    2.21006000E-01 
SP   3    1.000000
   2.09642000E+01    1.14660000E-01   4.02487000E-02 
   4.80331000E+00    9.19999000E-01   2.37594000E-01 
   1.45933000E+00   -3.03068000E-03   8.15854000E-01 
SP   1    1.000000
   4.83456000E-01    1.00000000E+00   1.00000000E+00 
SP   1    1.000000
   1.45585000E-01    1.00000000E+00   1.00000000E+00 
SP   1    1.000000
   4.38000000E-02    1.00000000E+00   1.00000000E+00 
SP   1    1.000000
   1.31927711E-02    1.00000000E+00   1.00000000E+00 
D    1    1.000000
   6.26000000E-01    1.00000000E+00 

2    0
S    3    1.000000
   3.38650000E+01    2.54938000E-02 
   5.09479000E+00    1.90373000E-01 
   1.15879000E+00    8.52161000E-01 
S    1    1.000000
   3.25840000E-01    1.00000000E+00 
S    1    1.000000
   1.02741000E-01    1.00000000E+00 
S    1    1.000000
   3.60000000E-02    1.00000000E+00 
P    1    1.000000
   7.50000000E-01    1.00000000E+00 

3    0
S    3    1.000000
   3.38650000E+01    2.54938000E-02 
   5.09479000E+00    1.90373000E-01 
   1.15879000E+00    8.52161000E-01 
S    1    1.000000
   3.25840000E-01    1.00000000E+00 
S    1    1.000000
   1.02741000E-01    1.00000000E+00 
S    1    1.000000
   3.60000000E-02    1.00000000E+00 
P    1    1.000000
   7.50000000E-01    1.00000000E+00 

4    0
S    3    1.000000
   3.38650000E+01    2.54938000E-02 
   5.09479000E+00    1.90373000E-01 
   1.15879000E+00    8.52161000E-01 
S    1    1.000000
   3.25840000E-01    1.00000000E+00 
S    1    1.000000
   1.02741000E-01    1.00000000E+00 
S    1    1.000000
   3.60000000E-02    1.00000000E+00 
P    1    1.000000
   7.50000000E-01    1.00000000E+00 

5    0
S    1    1.000000
   4.56324000E+03    1.96665000E-03 
S    1    1.000000
   6.82024000E+02    1.52306000E-02 
S    1    1.000000
   1.54973000E+02    7.61269000E-02 
S    1    1.000000
   4.44553000E+01    2.60801000E-01 
S    1    1.000000
   1.30290000E+01    6.16462000E-01 
S    1    1.000000
   1.82773000E+00    2.21006000E-01 
SP   3    1.000000
   2.09642000E+01    1.14660000E-01   4.02487000E-02 
   4.80331000E+00    9.19999000E-01   2.37594000E-01 
   1.45933000E+00   -3.03068000E-03   8.15854000E-01 
SP   1    1.000000
   4.83456000E-01    1.00000000E+00   1.00000000E+00 
SP   1    1.000000
   1.45585000E-01    1.00000000E+00   1.00000000E+00 
SP   1    1.000000
   4.38000000E-02    1.00000000E+00   1.00000000E+00 
SP   1    1.000000
   1.31927711E-02    1.00000000E+00   1.00000000E+00 
D    1    1.000000
   6.26000000E-01    1.00000000E+00 

6    0
S    1    1.000000
   8.58850000E+03    1.89515000E-03 
S    1    1.000000
   1.29723000E+03    1.43859000E-02 
S    1    1.000000
   2.99296000E+02    7.07320000E-02 
S    1    1.000000
   8.73771000E+01    2.40001000E-01 
S    1    1.000000
   2.56789000E+01    5.94797000E-01 
S    1    1.000000
   3.74004000E+00    2.80802000E-01 
SP   3    1.000000
   4.21175000E+01    1.13889000E-01   3.65114000E-02 
   9.62837000E+00    9.20811000E-01   2.37153000E-01 
   2.85332000E+00   -3.27447000E-03   8.19702000E-01 
SP   1    1.000000
   9.05661000E-01    1.00000000E+00   1.00000000E+00 
SP   1    1.000000
   2.55611000E-01    1.00000000E+00   1.00000000E+00 
SP   1    1.000000
   8.45000000E-02    1.00000000E+00   1.00000000E+00 
SP   1    1.000000
   2.54518072E-02    1.00000000E+00   1.00000000E+00 
D    1    1.000000
   1.29200000E+00    1.00000000E+00 

7    0
S    1    1.000000
   4.56324000E+03    1.96665000E-03 
S    1    1.000000
   6.82024000E+02    1.52306000E-02 
S    1    1.000000
   1.54973000E+02    7.61269000E-02 
S    1    1.000000
   4.44553000E+01    2.60801000E-01 
S    1    1.000000
   1.30290000E+01    6.16462000E-01 
S    1    1.000000
   1.82773000E+00    2.21006000E-01 
SP   3    1.000000
   2.09642000E+01    1.14660000E-01   4.02487000E-02 
   4.80331000E+00    9.19999000E-01   2.37594000E-01 
   1.45933000E+00   -3.03068000E-03   8.15854000E-01 
SP   1    1.000000
   4.83456000E-01    1.00000000E+00   1.00000000E+00 
SP   1    1.000000
   1.45585000E-01    1.00000000E+00   1.00000000E+00 
SP   1    1.000000
   4.38000000E-02    1.00000000E+00   1.00000000E+00 
SP   1    1.000000
   1.31927711E-02    1.00000000E+00   1.00000000E+00 
D    1    1.000000
   6.26000000E-01    1.00000000E+00 

8    0
S    1    1.000000
   8.58850000E+03    1.89515000E-03 
S    1    1.000000
   1.29723000E+03    1.43859000E-02 
S    1    1.000000
   2.99296000E+02    7.07320000E-02 
S    1    1.000000
   8.73771000E+01    2.40001000E-01 
S    1    1.000000
   2.56789000E+01    5.94797000E-01 
S    1    1.000000
   3.74004000E+00    2.80802000E-01 
SP   3    1.000000
   4.21175000E+01    1.13889000E-01   3.65114000E-02 
   9.62837000E+00    9.20811000E-01   2.37153000E-01 
   2.85332000E+00   -3.27447000E-03   8.19702000E-01 
SP   1    1.000000
   9.05661000E-01    1.00000000E+00   1.00000000E+00 
SP   1    1.000000
   2.55611000E-01    1.00000000E+00   1.00000000E+00 
SP   1    1.000000
   8.45000000E-02    1.00000000E+00   1.00000000E+00 
SP   1    1.000000
   2.54518072E-02    1.00000000E+00   1.00000000E+00 
D    1    1.000000
   1.29200000E+00    1.00000000E+00 

9    0
S    1    1.000000
   6.29348000E+03    1.96979000E-03 
S    1    1.000000
   9.49044000E+02    1.49613000E-02 
S    1    1.000000
   2.18776000E+02    7.35006000E-02 
S    1    1.000000
   6.36916000E+01    2.48937000E-01 
S    1    1.000000
   1.88282000E+01    6.02460000E-01 
S    1    1.000000
   2.72023000E+00    2.56202000E-01 
SP   3    1.000000
   3.06331000E+01    1.11906000E-01   3.83119000E-02 
   7.02614000E+00    9.21666000E-01   2.37403000E-01 
   2.11205000E+00   -2.56919000E-03   8.17592000E-01 
SP   1    1.000000
   6.84009000E-01    1.00000000E+00   1.00000000E+00 
SP   1    1.000000
   2.00878000E-01    1.00000000E+00   1.00000000E+00 
SP   1    1.000000
   6.39000000E-02    1.00000000E+00   1.00000000E+00 
SP   1    1.000000
   1.92469880E-02    1.00000000E+00   1.00000000E+00 
D    1    1.000000
   9.13000000E-01    1.00000000E+00 

10    0
S    1    1.000000
   6.29348000E+03    1.96979000E-03 
S    1    1.000000
   9.49044000E+02    1.49613000E-02 
S    1    1.000000
   2.18776000E+02    7.35006000E-02 
S    1    1.000000
   6.36916000E+01    2.48937000E-01 
S    1    1.000000
   1.88282000E+01    6.02460000E-01 
S    1    1.000000
   2.72023000E+00    2.56202000E-01 
SP   3    1.000000
   3.06331000E+01    1.11906000E-01   3.83119000E-02 
   7.02614000E+00    9.21666000E-01   2.37403000E-01 
   2.11205000E+00   -2.56919000E-03   8.17592000E-01 
SP   1    1.000000
   6.84009000E-01    1.00000000E+00   1.00000000E+00 
SP   1    1.000000
   2.00878000E-01    1.00000000E+00   1.00000000E+00 
SP   1    1.000000
   6.39000000E-02    1.00000000E+00   1.00000000E+00 
SP   1    1.000000
   1.92469880E-02    1.00000000E+00   1.00000000E+00 
D    1    1.000000
   9.13000000E-01    1.00000000E+00 

11    0
S    1    1.000000
   4.56324000E+03    1.96665000E-03 
S    1    1.000000
   6.82024000E+02    1.52306000E-02 
S    1    1.000000
   1.54973000E+02    7.61269000E-02 
S    1    1.000000
   4.44553000E+01    2.60801000E-01 
S    1    1.000000
   1.30290000E+01    6.16462000E-01 
S    1    1.000000
   1.82773000E+00    2.21006000E-01 
SP   3    1.000000
   2.09642000E+01    1.14660000E-01   4.02487000E-02 
   4.80331000E+00    9.19999000E-01   2.37594000E-01 
   1.45933000E+00   -3.03068000E-03   8.15854000E-01 
SP   1    1.000000
   4.83456000E-01    1.00000000E+00   1.00000000E+00 
SP   1    1.000000
   1.45585000E-01    1.00000000E+00   1.00000000E+00 
SP   1    1.000000
   4.38000000E-02    1.00000000E+00   1.00000000E+00 
SP   1    1.000000
   1.31927711E-02    1.00000000E+00   1.00000000E+00 
D    1    1.000000
   6.26000000E-01    1.00000000E+00 

12    0
S    3    1.000000
   3.38650000E+01    2.54938000E-02 
   5.09479000E+00    1.90373000E-01 
   1.15879000E+00    8.52161000E-01 
S    1    1.000000
   3.25840000E-01    1.00000000E+00 
S    1    1.000000
   1.02741000E-01    1.00000000E+00 
S    1    1.000000
   3.60000000E-02    1.00000000E+00 
P    1    1.000000
   7.50000000E-01    1.00000000E+00 

[MO]
Sym=X
Ene=0.011586
Spin=Alpha
Occup=1
1    0.000585123498
2    0.00291926118
3    0.0100203054
4    0.0236894605
5    0.0085987141
6    0.031605418
7    5.93540546e-05
8    9.69769728e-05
9    3.66389112e-16
10    0.000618038759
11    0.000631534965
12    0.000293476951
13    -1.25473262e-15
14    -0.000892717845
15    -0.000308796033
16    -0.000554883166
17    -1.39625458e-15
18    -0.0024977151
19    -0.000182457761
20    -0.00132744006
21    6.52716135e-14
22    -0.000231364537
23    7.63790488e-06
24    -0.000259819666
25    -7.426796e-14
26    0.000320710679
27    -3.25229087e-16
28    -3.91001763e-05
29    -7.7668137e-16
30    0.000215380846
31    9.03822866e-06
32    6.08078748e-05
33    9.88579184e-05
34    0.000304503352
35    1.84923324e-05
36    -3.63328542e-06
37    1.41939634e-15
38    5.48816536e-05
39    9.79117356e-05
40    -0.000392927416
41    -0.000679821189
42    6.12082581e-05
43    8.92537422e-05
44    5.66997904e-18
45    1.35721918e-05
46    3.53598659e-05
47    4.25419796e-05
48    0.000273388827
49    6.25479371e-06
50    -4.15803538e-06
51    -1.05507553e-15
52    -1.34274653e-07
53    -1.01215949e-06
54    -5.24618717e-06
55    -1.72468574e-05
56    -4.80125319e-05
57    -4.63265303e-05
58    -3.85057874e-05
59    -4.3791228e-06
60    5.85383199e-06
61    2.19542105e-15
62    7.99850157e-05
63    1.13799428e-05
64    -2.14815494e-05
65    1.90243389e-16
66    -0.000588136578
67    -0.000530688298
68    0.000292580437
69    5.83028825e-15
70    0.000133696483
71    -0.000229078775
72    -4.4799408e-05
73    8.93613305e-14
74    0.000122676789
75    -5.78612799e-05
76    4.62818433e-05
77    6.95267809e-14
78    2.24284722e-06
79    -4.65740048e-16
80    9.82212944e-06
81    -1.26257903e-15
82    -2.03959259e-06
83    -1.00466584e-08
84    -6.64079096e-08
85    -3.97817553e-07
86    -1.08393696e-06
87    -5.33142771e-06
88    -1.14425834e-05
89    1.61520223e-06
90    -2.96106921e-06
91    8.64666774e-07
92    9.3564833e-16
93    2.62817575e-05
94    1.50879513e-05
95    -6.96879587e-06
96    2.71267065e-15
97    -0.00012110227
98    -5.87140789e-05
99    3.18009121e-05
100    4.08755573e-15
101    -0.00062698937
102    -0.000143876487
103    9.69682732e-05
104    -4.29464301e-15
105    -0.000218016116
106    3.32358068e-05
107    0.000111115063
108    -2.95290979e-14
109    -5.48456604e-07
110    -2.87449191e-16
111    1.25361438e-06
112    4.99841674e-16
113    7.32914691e-07
114    -5.0004675e-06
115    -3.86807628e-05
116    -0.000193283893
117    -0.000662986473
118    -0.0015794664
119    -0.000705481892
120    -0.00210154305
121    -2.87493207e-06
122    -7.95778409e-05
123    -4.2371755e-15
124    0.000553886177
125    -4.12027497e-05
126    -0.000642102981
127    -3.7912467e-15
128    -0.000599735732
129    0.000505915564
130    0.000906000167
131    -1.43447074e-14
132    -0.00187235314
133    0.000803725493
134    0.00106956191
135    7.9014412e-14
136    -0.00030553643
137    -5.46524637e-05
138    -3.82383831e-06
139    -4.70256953e-14
140    5.99301349e-05
141    -3.29247695e-16
142    -7.19186095e-05
143    -4.18067841e-16
144    -0.000356026735
145    9.62350981e-08
146    7.67932778e-07
147    3.51197974e-06
148    1.29071979e-05
149    2.22997564e-05
150    -2.13870478e-05
151    6.81774879e-05
152    8.34493303e-06
153    2.41297931e-05
154    -1.97657398e-15
155    7.08695354e-05
156    -4.32920015e-05
157    -4.29769075e-05
158    -5.91781601e-15
159    -0.000187663445
160    0.000125344704
161    1.44863856e-06
162    -2.54741599e-15
163    -0.000844124221
164    0.000118384958
165    4.76141762e-05
166    -1.74027819e-14
167    -0.00181348003
168    0.000361787922
169    9.96944175e-05
170    -2.73873057e-15
171    2.7543111e-05
172    6.52823258e-16
173    -1.2655339e-06
174    6.50667905e-16
175    -2.58522011e-05
176    -8.78393248e-08
177    -6.22279067e-07
178    -3.37843576e-06
179    -1.0191964e-05
180    -3.65952653e-05
181    -5.64980577e-05
182    -6.9249423e-06
183    -2.40501906e-05
184    1.4883184e-05
185    1.31644787e-15
186    5.28083554e-05
187    8.53486715e-05
188    -3.91957638e-05
189    -7.31183966e-15
190    0.000291141149
191    -0.000198683833
192    -0.000218638479
193    1.67923678e-14
194    0.00066622538
195    -0.000239410061
196    -0.000340260583
197    -6.713827e-14
198    0.000779556635
199    0.000566133753
200    -0.000204228386
201    -4.8477635e-14
202    -3.34138024e-05
203    2.44134545e-16
204    -4.38339969e-06
205    -8.04513621e-16
206    1.61690592e-05
207    2.83163424e-07
208    2.21657779e-06
209    1.04205418e-05
210    3.70328607e-05
211    7.39186651e-05
212    -2.50040395e-05
213    0.000155881095
214    -2.19888381e-05
215    5.74242869e-06
216    3.41821029e-15
217    0.000105535825
218    0.000145715594
219    -7.34204367e-05
220    -3.01668826e-15
221    0.000293715803
222    0.000154169144
223    0.0001946844
224    1.77328581e-14
225    0.000891529807
226    0.000386454862
227    0.000291073333
228    -5.84066587e-14
229    0.000523137429
230    2.37361576e-05
231    0.000228022218
232    -1.4355375e-14
233    -4.91644076e-05
234    3.01502573e-17
235    -2.06086976e-05
236    -2.23806622e-16
237    5.29042304e-05
238    0.00110652276
239    0.0085664006
240    0.0427318229
241    0.146718862
242    0.346582339
243    0.126759333
244    0.463925183
245    -0.000191988605
246    0.000225988884
247    -6.44718434e-16
248    0.00183069309
249    -5.78724235e-05
250    -0.000156731291
251    -6.34998366e-15
252    0.00180126987
253    -0.000752335699
254    0.000587010287
255    5.76055606e-15
256    0.00468098496
257    -0.00101435694
258    0.000963619342
259    -8.71208518e-14
260    0.000247232218
261    8.3753136e-05
262    0.000214324015
263    8.38450431e-14
264    7.826107e-05
265    -5.83975201e-16
266    -9.15357238e-05
267    -2.94823014e-16
268    9.51507964e-05
269    0.000379276779
270    0.000450874039
271    0.000259667446
272    0.000450368162
273    -0.000271697113
274    0.000151756199
275    -1.07332389e-15
[5D]