[Molden Format]
[Atoms] (Angs)
  C      1    6     -0.00714236     -1.70213747     -0.00000000
  H      2    1     -2.06882847     -1.44022412      0.00000000
  H      3    1     -0.12337987     -2.77567521      0.00000000
  H      4    1      0.04651892      1.98813947     -0.00000000
  C      5    6     -1.21953563      0.40211669      0.00000000
  O      6    8     -2.25921553      1.03043814      0.00000000
  C      7    6      1.28797806      0.34644937     -0.00000000
  O      8    8      2.31273661      1.00537216     -0.00000000
  N      9    7      0.03446295      0.97739857     -0.00000000
  N     10    7     -1.17287765     -0.98229824      0.00000000
  C     11    6      1.20107039     -1.10433419     -0.00000000
  H     12    1      2.11220096     -1.67699125     -0.00000000
[GTO]
1    0
S    1    1.000000
   4.56324000E+03    1.96665000E-03 
S    1    1.000000
   6.82024000E+02    1.52306000E-02 
S    1    1.000000
   1.54973000E+02    7.61269000E-02 
S    1    1.000000
   4.44553000E+01    2.60801000E-01 
S    1    1.000000
   1.30290000E+01    6.16462000E-01 
S    1    1.000000
   1.82773000E+00    2.21006000E-01 
SP   3    1.000000
   2.09642000E+01    1.14660000E-01   4.02487000E-02 
   4.80331000E+00    9.19999000E-01   2.37594000E-01 
   1.45933000E+00   -3.03068000E-03   8.15854000E-01 
SP   1    1.000000
   4.83456000E-01    1.00000000E+00   1.00000000E+00 
SP   1    1.000000
   1.45585000E-01    1.00000000E+00   1.00000000E+00 
SP   1    1.000000
   4.38000000E-02    1.00000000E+00   1.00000000E+00 
SP   1    1.000000
   1.31927711E-02    1.00000000E+00   1.00000000E+00 
D    1    1.000000
   6.26000000E-01    1.00000000E+00 

2    0
S    3    1.000000
   3.38650000E+01    2.54938000E-02 
   5.09479000E+00    1.90373000E-01 
   1.15879000E+00    8.52161000E-01 
S    1    1.000000
   3.25840000E-01    1.00000000E+00 
S    1    1.000000
   1.02741000E-01    1.00000000E+00 
S    1    1.000000
   3.60000000E-02    1.00000000E+00 
P    1    1.000000
   7.50000000E-01    1.00000000E+00 

3    0
S    3    1.000000
   3.38650000E+01    2.54938000E-02 
   5.09479000E+00    1.90373000E-01 
   1.15879000E+00    8.52161000E-01 
S    1    1.000000
   3.25840000E-01    1.00000000E+00 
S    1    1.000000
   1.02741000E-01    1.00000000E+00 
S    1    1.000000
   3.60000000E-02    1.00000000E+00 
P    1    1.000000
   7.50000000E-01    1.00000000E+00 

4    0
S    3    1.000000
   3.38650000E+01    2.54938000E-02 
   5.09479000E+00    1.90373000E-01 
   1.15879000E+00    8.52161000E-01 
S    1    1.000000
   3.25840000E-01    1.00000000E+00 
S    1    1.000000
   1.02741000E-01    1.00000000E+00 
S    1    1.000000
   3.60000000E-02    1.00000000E+00 
P    1    1.000000
   7.50000000E-01    1.00000000E+00 

5    0
S    1    1.000000
   4.56324000E+03    1.96665000E-03 
S    1    1.000000
   6.82024000E+02    1.52306000E-02 
S    1    1.000000
   1.54973000E+02    7.61269000E-02 
S    1    1.000000
   4.44553000E+01    2.60801000E-01 
S    1    1.000000
   1.30290000E+01    6.16462000E-01 
S    1    1.000000
   1.82773000E+00    2.21006000E-01 
SP   3    1.000000
   2.09642000E+01    1.14660000E-01   4.02487000E-02 
   4.80331000E+00    9.19999000E-01   2.37594000E-01 
   1.45933000E+00   -3.03068000E-03   8.15854000E-01 
SP   1    1.000000
   4.83456000E-01    1.00000000E+00   1.00000000E+00 
SP   1    1.000000
   1.45585000E-01    1.00000000E+00   1.00000000E+00 
SP   1    1.000000
   4.38000000E-02    1.00000000E+00   1.00000000E+00 
SP   1    1.000000
   1.31927711E-02    1.00000000E+00   1.00000000E+00 
D    1    1.000000
   6.26000000E-01    1.00000000E+00 

6    0
S    1    1.000000
   8.58850000E+03    1.89515000E-03 
S    1    1.000000
   1.29723000E+03    1.43859000E-02 
S    1    1.000000
   2.99296000E+02    7.07320000E-02 
S    1    1.000000
   8.73771000E+01    2.40001000E-01 
S    1    1.000000
   2.56789000E+01    5.94797000E-01 
S    1    1.000000
   3.74004000E+00    2.80802000E-01 
SP   3    1.000000
   4.21175000E+01    1.13889000E-01   3.65114000E-02 
   9.62837000E+00    9.20811000E-01   2.37153000E-01 
   2.85332000E+00   -3.27447000E-03   8.19702000E-01 
SP   1    1.000000
   9.05661000E-01    1.00000000E+00   1.00000000E+00 
SP   1    1.000000
   2.55611000E-01    1.00000000E+00   1.00000000E+00 
SP   1    1.000000
   8.45000000E-02    1.00000000E+00   1.00000000E+00 
SP   1    1.000000
   2.54518072E-02    1.00000000E+00   1.00000000E+00 
D    1    1.000000
   1.29200000E+00    1.00000000E+00 

7    0
S    1    1.000000
   4.56324000E+03    1.96665000E-03 
S    1    1.000000
   6.82024000E+02    1.52306000E-02 
S    1    1.000000
   1.54973000E+02    7.61269000E-02 
S    1    1.000000
   4.44553000E+01    2.60801000E-01 
S    1    1.000000
   1.30290000E+01    6.16462000E-01 
S    1    1.000000
   1.82773000E+00    2.21006000E-01 
SP   3    1.000000
   2.09642000E+01    1.14660000E-01   4.02487000E-02 
   4.80331000E+00    9.19999000E-01   2.37594000E-01 
   1.45933000E+00   -3.03068000E-03   8.15854000E-01 
SP   1    1.000000
   4.83456000E-01    1.00000000E+00   1.00000000E+00 
SP   1    1.000000
   1.45585000E-01    1.00000000E+00   1.00000000E+00 
SP   1    1.000000
   4.38000000E-02    1.00000000E+00   1.00000000E+00 
SP   1    1.000000
   1.31927711E-02    1.00000000E+00   1.00000000E+00 
D    1    1.000000
   6.26000000E-01    1.00000000E+00 

8    0
S    1    1.000000
   8.58850000E+03    1.89515000E-03 
S    1    1.000000
   1.29723000E+03    1.43859000E-02 
S    1    1.000000
   2.99296000E+02    7.07320000E-02 
S    1    1.000000
   8.73771000E+01    2.40001000E-01 
S    1    1.000000
   2.56789000E+01    5.94797000E-01 
S    1    1.000000
   3.74004000E+00    2.80802000E-01 
SP   3    1.000000
   4.21175000E+01    1.13889000E-01   3.65114000E-02 
   9.62837000E+00    9.20811000E-01   2.37153000E-01 
   2.85332000E+00   -3.27447000E-03   8.19702000E-01 
SP   1    1.000000
   9.05661000E-01    1.00000000E+00   1.00000000E+00 
SP   1    1.000000
   2.55611000E-01    1.00000000E+00   1.00000000E+00 
SP   1    1.000000
   8.45000000E-02    1.00000000E+00   1.00000000E+00 
SP   1    1.000000
   2.54518072E-02    1.00000000E+00   1.00000000E+00 
D    1    1.000000
   1.29200000E+00    1.00000000E+00 

9    0
S    1    1.000000
   6.29348000E+03    1.96979000E-03 
S    1    1.000000
   9.49044000E+02    1.49613000E-02 
S    1    1.000000
   2.18776000E+02    7.35006000E-02 
S    1    1.000000
   6.36916000E+01    2.48937000E-01 
S    1    1.000000
   1.88282000E+01    6.02460000E-01 
S    1    1.000000
   2.72023000E+00    2.56202000E-01 
SP   3    1.000000
   3.06331000E+01    1.11906000E-01   3.83119000E-02 
   7.02614000E+00    9.21666000E-01   2.37403000E-01 
   2.11205000E+00   -2.56919000E-03   8.17592000E-01 
SP   1    1.000000
   6.84009000E-01    1.00000000E+00   1.00000000E+00 
SP   1    1.000000
   2.00878000E-01    1.00000000E+00   1.00000000E+00 
SP   1    1.000000
   6.39000000E-02    1.00000000E+00   1.00000000E+00 
SP   1    1.000000
   1.92469880E-02    1.00000000E+00   1.00000000E+00 
D    1    1.000000
   9.13000000E-01    1.00000000E+00 

10    0
S    1    1.000000
   6.29348000E+03    1.96979000E-03 
S    1    1.000000
   9.49044000E+02    1.49613000E-02 
S    1    1.000000
   2.18776000E+02    7.35006000E-02 
S    1    1.000000
   6.36916000E+01    2.48937000E-01 
S    1    1.000000
   1.88282000E+01    6.02460000E-01 
S    1    1.000000
   2.72023000E+00    2.56202000E-01 
SP   3    1.000000
   3.06331000E+01    1.11906000E-01   3.83119000E-02 
   7.02614000E+00    9.21666000E-01   2.37403000E-01 
   2.11205000E+00   -2.56919000E-03   8.17592000E-01 
SP   1    1.000000
   6.84009000E-01    1.00000000E+00   1.00000000E+00 
SP   1    1.000000
   2.00878000E-01    1.00000000E+00   1.00000000E+00 
SP   1    1.000000
   6.39000000E-02    1.00000000E+00   1.00000000E+00 
SP   1    1.000000
   1.92469880E-02    1.00000000E+00   1.00000000E+00 
D    1    1.000000
   9.13000000E-01    1.00000000E+00 

11    0
S    1    1.000000
   4.56324000E+03    1.96665000E-03 
S    1    1.000000
   6.82024000E+02    1.52306000E-02 
S    1    1.000000
   1.54973000E+02    7.61269000E-02 
S    1    1.000000
   4.44553000E+01    2.60801000E-01 
S    1    1.000000
   1.30290000E+01    6.16462000E-01 
S    1    1.000000
   1.82773000E+00    2.21006000E-01 
SP   3    1.000000
   2.09642000E+01    1.14660000E-01   4.02487000E-02 
   4.80331000E+00    9.19999000E-01   2.37594000E-01 
   1.45933000E+00   -3.03068000E-03   8.15854000E-01 
SP   1    1.000000
   4.83456000E-01    1.00000000E+00   1.00000000E+00 
SP   1    1.000000
   1.45585000E-01    1.00000000E+00   1.00000000E+00 
SP   1    1.000000
   4.38000000E-02    1.00000000E+00   1.00000000E+00 
SP   1    1.000000
   1.31927711E-02    1.00000000E+00   1.00000000E+00 
D    1    1.000000
   6.26000000E-01    1.00000000E+00 

12    0
S    3    1.000000
   3.38650000E+01    2.54938000E-02 
   5.09479000E+00    1.90373000E-01 
   1.15879000E+00    8.52161000E-01 
S    1    1.000000
   3.25840000E-01    1.00000000E+00 
S    1    1.000000
   1.02741000E-01    1.00000000E+00 
S    1    1.000000
   3.60000000E-02    1.00000000E+00 
P    1    1.000000
   7.50000000E-01    1.00000000E+00 

[MO]
Sym=X
Ene=0.01618
Spin=Alpha
Occup=1
1    -0.00858352515
2    -0.0428182064
3    -0.147008661
4    -0.347278496
5    -0.1266364
6    -0.465051565
7    0.00111624889
8    -0.000313658629
9    9.03911546e-16
10    -0.00165842548
11    -0.00105012571
12    7.280821e-05
13    -2.41353762e-15
14    -0.00149859319
15    0.000295572198
16    -0.00086750285
17    8.64899382e-15
18    -0.000990588366
19    0.000700071716
20    -0.000606083639
21    -8.64940633e-14
22    0.0001487983
23    -7.33870789e-05
24    2.07681307e-05
25    6.10140544e-14
26    -0.00035813202
27    3.32963687e-16
28    0.000236996764
29    -8.54648059e-17
30    -8.48849024e-05
31    -2.79120788e-05
32    -5.06557415e-05
33    -3.04457706e-05
34    0.000114503312
35    -4.60088897e-05
36    -1.55036794e-05
37    2.60368242e-16
38    -0.000379400565
39    -0.000460205174
40    -0.000248926269
41    -0.000153559555
42    -4.03150577e-05
43    -0.000305926283
44    1.43720781e-16
45    -1.13939941e-05
46    5.88000381e-05
47    -0.00023898137
48    -0.000252681581
49    -5.70737031e-06
50    -5.57978994e-06
51    -7.28411743e-16
52    -1.60907042e-06
53    -1.24870347e-05
54    -6.20774585e-05
55    -0.000213939436
56    -0.000496581593
57    -0.000137947678
58    -0.000699379065
59    3.82026256e-06
60    -2.07684292e-05
61    -2.23860716e-15
62    -0.000107916276
63    -1.64701937e-05
64    8.24591524e-05
65    -2.18604963e-16
66    -0.00024631598
67    0.00061463482
68    -0.000389455868
69    -4.74729106e-15
70    -0.000664455446
71    0.000311972165
72    -0.000582810378
73    -9.80386568e-14
74    -0.000514679069
75    -0.000181228858
76    -8.37272076e-06
77    -7.86228108e-14
78    1.87563769e-05
79    -5.07072851e-16
80    -3.44247594e-06
81    6.82053722e-16
82    4.47038342e-05
83    -1.07245101e-07
84    -8.41420437e-07
85    -3.94021766e-06
86    -1.41025555e-05
87    -2.81849164e-05
88    9.15499159e-06
89    -6.35121122e-05
90    3.60304968e-06
91    -1.56046525e-06
92    -1.51939277e-15
93    -7.0032341e-05
94    -2.63843245e-05
95    2.61405895e-05
96    -1.42478068e-15
97    0.000299971039
98    0.000154908267
99    -8.5561575e-05
100    -6.84780113e-15
101    0.000999168504
102    0.000153639229
103    -0.00013432684
104    7.74428853e-15
105    0.00134610549
106    0.000277315516
107    -4.08521217e-05
108    2.57152121e-14
109    2.68972452e-06
110    7.84694623e-16
111    -5.05320255e-07
112    -4.64570424e-16
113    5.34717554e-06
114    2.03193119e-05
115    0.000157250429
116    0.000784822135
117    0.00269298851
118    0.00637560961
119    0.00236891602
120    0.00849038516
121    -2.08298395e-05
122    -1.8886244e-05
123    -2.71580298e-16
124    -5.06858273e-05
125    4.44216211e-05
126    9.84103164e-05
127    -3.43684369e-16
128    -0.000202911478
129    0.000200288852
130    0.000153082285
131    3.98806499e-15
132    5.76001983e-05
133    -0.000232297527
134    -0.000162595583
135    -9.93040459e-14
136    -5.43689943e-05
137    -0.000199064896
138    7.3566324e-05
139    3.16027375e-14
140    -2.83613795e-05
141    1.50101153e-16
142    -2.47657766e-07
143    3.40081431e-16
144    4.13674805e-05
145    -7.83034943e-08
146    -5.91305694e-07
147    -2.93347043e-06
148    -9.8651843e-06
149    -2.55676519e-05
150    -1.70211311e-05
151    -3.37868319e-05
152    -4.17484843e-06
153    -4.44863502e-06
154    -5.33573212e-16
155    2.0828654e-05
156    -3.93499926e-06
157    1.25579626e-05
158    2.70601129e-15
159    -0.000118924196
160    7.02112185e-06
161    1.81424792e-06
162    -7.12780552e-15
163    7.84551393e-05
164    7.78965836e-06
165    1.23498677e-05
166    1.9124481e-14
167    -0.000104877458
168    7.03419815e-06
169    5.2280052e-05
170    -4.02623297e-15
171    1.10839783e-06
172    8.50975909e-17
173    -8.2074908e-07
174    2.83623656e-16
175    8.08123856e-06
176    7.62900188e-07
177    5.77360395e-06
178    2.85400288e-05
179    9.58991016e-05
180    0.00024064128
181    0.000131843769
182    0.000303836303
183    5.49617455e-08
184    -8.37424441e-06
185    -2.36116607e-15
186    -5.57826992e-05
187    2.08691584e-05
188    2.37752495e-05
189    3.90280209e-15
190    -2.32540778e-05
191    4.011782e-05
192    -2.97719497e-05
193    -1.9707278e-14
194    -8.95822279e-05
195    -0.00019485732
196    0.000534649541
197    6.65546289e-14
198    -0.000727200756
199    0.000322692247
200    0.000123505527
201    6.67594004e-14
202    -1.21862663e-05
203    2.38196599e-16
204    6.11001215e-07
205    4.00441707e-16
206    -2.20490429e-06
207    3.7886921e-06
208    2.86761683e-05
209    0.000141858119
210    0.000476906823
211    0.00119929317
212    0.000733143395
213    0.00155174793
214    -6.787907e-05
215    4.07238217e-05
216    -2.90860119e-15
217    -0.000656057497
218    -0.000729646726
219    0.000441869648
220    6.6682825e-15
221    9.95706671e-05
222    2.03272773e-05
223    -7.66351821e-05
224    -2.22740937e-14
225    0.0013517049
226    0.000474156288
227    -0.000359292049
228    6.8213784e-14
229    0.000614879271
230    0.00032199704
231    -4.26177716e-05
232    2.79685881e-14
233    0.000327428874
234    -5.08716037e-17
235    0.000130151494
236    -1.71007949e-16
237    -0.000181654107
238    3.05826605e-05
239    0.000236916043
240    0.00118083878
241    0.00405885641
242    0.00954860748
243    0.00341839118
244    0.0129687926
245    0.000145358852
246    8.12843744e-05
247    -2.90797694e-16
248    -0.000113100326
249    0.00023899339
250    0.000110793097
251    2.50984198e-15
252    0.000847472758
253    -0.000613196129
254    0.000276466184
255    -1.04666518e-14
256    -0.000891596757
257    -1.04385793e-05
258    0.000687558939
259    9.72571217e-14
260    0.000241122113
261    0.000175521023
262    0.000123037571
263    -6.4711683e-14
264    -0.00016138231
265    -4.62397598e-16
266    -5.40228019e-05
267    6.53824674e-16
268    -0.0001522024
269    -1.47309351e-05
270    -8.02356993e-06
271    0.000364171282
272    0.00030295793
273    7.73142145e-05
274    2.04260873e-05
275    6.44990521e-16
[5D]