[Molden Format]
[Atoms] (Angs)
  C      1    6     -0.00714236     -1.70213747     -0.00000000
  H      2    1     -2.06882847     -1.44022412      0.00000000
  H      3    1     -0.12337987     -2.77567521      0.00000000
  H      4    1      0.04651892      1.98813947     -0.00000000
  C      5    6     -1.21953563      0.40211669      0.00000000
  O      6    8     -2.25921553      1.03043814      0.00000000
  C      7    6      1.28797806      0.34644937     -0.00000000
  O      8    8      2.31273661      1.00537216     -0.00000000
  N      9    7      0.03446295      0.97739857     -0.00000000
  N     10    7     -1.17287765     -0.98229824      0.00000000
  C     11    6      1.20107039     -1.10433419     -0.00000000
  H     12    1      2.11220096     -1.67699125     -0.00000000
[GTO]
1    0
S    1    1.000000
   4.56324000E+03    1.96665000E-03 
S    1    1.000000
   6.82024000E+02    1.52306000E-02 
S    1    1.000000
   1.54973000E+02    7.61269000E-02 
S    1    1.000000
   4.44553000E+01    2.60801000E-01 
S    1    1.000000
   1.30290000E+01    6.16462000E-01 
S    1    1.000000
   1.82773000E+00    2.21006000E-01 
SP   3    1.000000
   2.09642000E+01    1.14660000E-01   4.02487000E-02 
   4.80331000E+00    9.19999000E-01   2.37594000E-01 
   1.45933000E+00   -3.03068000E-03   8.15854000E-01 
SP   1    1.000000
   4.83456000E-01    1.00000000E+00   1.00000000E+00 
SP   1    1.000000
   1.45585000E-01    1.00000000E+00   1.00000000E+00 
SP   1    1.000000
   4.38000000E-02    1.00000000E+00   1.00000000E+00 
SP   1    1.000000
   1.31927711E-02    1.00000000E+00   1.00000000E+00 
D    1    1.000000
   6.26000000E-01    1.00000000E+00 

2    0
S    3    1.000000
   3.38650000E+01    2.54938000E-02 
   5.09479000E+00    1.90373000E-01 
   1.15879000E+00    8.52161000E-01 
S    1    1.000000
   3.25840000E-01    1.00000000E+00 
S    1    1.000000
   1.02741000E-01    1.00000000E+00 
S    1    1.000000
   3.60000000E-02    1.00000000E+00 
P    1    1.000000
   7.50000000E-01    1.00000000E+00 

3    0
S    3    1.000000
   3.38650000E+01    2.54938000E-02 
   5.09479000E+00    1.90373000E-01 
   1.15879000E+00    8.52161000E-01 
S    1    1.000000
   3.25840000E-01    1.00000000E+00 
S    1    1.000000
   1.02741000E-01    1.00000000E+00 
S    1    1.000000
   3.60000000E-02    1.00000000E+00 
P    1    1.000000
   7.50000000E-01    1.00000000E+00 

4    0
S    3    1.000000
   3.38650000E+01    2.54938000E-02 
   5.09479000E+00    1.90373000E-01 
   1.15879000E+00    8.52161000E-01 
S    1    1.000000
   3.25840000E-01    1.00000000E+00 
S    1    1.000000
   1.02741000E-01    1.00000000E+00 
S    1    1.000000
   3.60000000E-02    1.00000000E+00 
P    1    1.000000
   7.50000000E-01    1.00000000E+00 

5    0
S    1    1.000000
   4.56324000E+03    1.96665000E-03 
S    1    1.000000
   6.82024000E+02    1.52306000E-02 
S    1    1.000000
   1.54973000E+02    7.61269000E-02 
S    1    1.000000
   4.44553000E+01    2.60801000E-01 
S    1    1.000000
   1.30290000E+01    6.16462000E-01 
S    1    1.000000
   1.82773000E+00    2.21006000E-01 
SP   3    1.000000
   2.09642000E+01    1.14660000E-01   4.02487000E-02 
   4.80331000E+00    9.19999000E-01   2.37594000E-01 
   1.45933000E+00   -3.03068000E-03   8.15854000E-01 
SP   1    1.000000
   4.83456000E-01    1.00000000E+00   1.00000000E+00 
SP   1    1.000000
   1.45585000E-01    1.00000000E+00   1.00000000E+00 
SP   1    1.000000
   4.38000000E-02    1.00000000E+00   1.00000000E+00 
SP   1    1.000000
   1.31927711E-02    1.00000000E+00   1.00000000E+00 
D    1    1.000000
   6.26000000E-01    1.00000000E+00 

6    0
S    1    1.000000
   8.58850000E+03    1.89515000E-03 
S    1    1.000000
   1.29723000E+03    1.43859000E-02 
S    1    1.000000
   2.99296000E+02    7.07320000E-02 
S    1    1.000000
   8.73771000E+01    2.40001000E-01 
S    1    1.000000
   2.56789000E+01    5.94797000E-01 
S    1    1.000000
   3.74004000E+00    2.80802000E-01 
SP   3    1.000000
   4.21175000E+01    1.13889000E-01   3.65114000E-02 
   9.62837000E+00    9.20811000E-01   2.37153000E-01 
   2.85332000E+00   -3.27447000E-03   8.19702000E-01 
SP   1    1.000000
   9.05661000E-01    1.00000000E+00   1.00000000E+00 
SP   1    1.000000
   2.55611000E-01    1.00000000E+00   1.00000000E+00 
SP   1    1.000000
   8.45000000E-02    1.00000000E+00   1.00000000E+00 
SP   1    1.000000
   2.54518072E-02    1.00000000E+00   1.00000000E+00 
D    1    1.000000
   1.29200000E+00    1.00000000E+00 

7    0
S    1    1.000000
   4.56324000E+03    1.96665000E-03 
S    1    1.000000
   6.82024000E+02    1.52306000E-02 
S    1    1.000000
   1.54973000E+02    7.61269000E-02 
S    1    1.000000
   4.44553000E+01    2.60801000E-01 
S    1    1.000000
   1.30290000E+01    6.16462000E-01 
S    1    1.000000
   1.82773000E+00    2.21006000E-01 
SP   3    1.000000
   2.09642000E+01    1.14660000E-01   4.02487000E-02 
   4.80331000E+00    9.19999000E-01   2.37594000E-01 
   1.45933000E+00   -3.03068000E-03   8.15854000E-01 
SP   1    1.000000
   4.83456000E-01    1.00000000E+00   1.00000000E+00 
SP   1    1.000000
   1.45585000E-01    1.00000000E+00   1.00000000E+00 
SP   1    1.000000
   4.38000000E-02    1.00000000E+00   1.00000000E+00 
SP   1    1.000000
   1.31927711E-02    1.00000000E+00   1.00000000E+00 
D    1    1.000000
   6.26000000E-01    1.00000000E+00 

8    0
S    1    1.000000
   8.58850000E+03    1.89515000E-03 
S    1    1.000000
   1.29723000E+03    1.43859000E-02 
S    1    1.000000
   2.99296000E+02    7.07320000E-02 
S    1    1.000000
   8.73771000E+01    2.40001000E-01 
S    1    1.000000
   2.56789000E+01    5.94797000E-01 
S    1    1.000000
   3.74004000E+00    2.80802000E-01 
SP   3    1.000000
   4.21175000E+01    1.13889000E-01   3.65114000E-02 
   9.62837000E+00    9.20811000E-01   2.37153000E-01 
   2.85332000E+00   -3.27447000E-03   8.19702000E-01 
SP   1    1.000000
   9.05661000E-01    1.00000000E+00   1.00000000E+00 
SP   1    1.000000
   2.55611000E-01    1.00000000E+00   1.00000000E+00 
SP   1    1.000000
   8.45000000E-02    1.00000000E+00   1.00000000E+00 
SP   1    1.000000
   2.54518072E-02    1.00000000E+00   1.00000000E+00 
D    1    1.000000
   1.29200000E+00    1.00000000E+00 

9    0
S    1    1.000000
   6.29348000E+03    1.96979000E-03 
S    1    1.000000
   9.49044000E+02    1.49613000E-02 
S    1    1.000000
   2.18776000E+02    7.35006000E-02 
S    1    1.000000
   6.36916000E+01    2.48937000E-01 
S    1    1.000000
   1.88282000E+01    6.02460000E-01 
S    1    1.000000
   2.72023000E+00    2.56202000E-01 
SP   3    1.000000
   3.06331000E+01    1.11906000E-01   3.83119000E-02 
   7.02614000E+00    9.21666000E-01   2.37403000E-01 
   2.11205000E+00   -2.56919000E-03   8.17592000E-01 
SP   1    1.000000
   6.84009000E-01    1.00000000E+00   1.00000000E+00 
SP   1    1.000000
   2.00878000E-01    1.00000000E+00   1.00000000E+00 
SP   1    1.000000
   6.39000000E-02    1.00000000E+00   1.00000000E+00 
SP   1    1.000000
   1.92469880E-02    1.00000000E+00   1.00000000E+00 
D    1    1.000000
   9.13000000E-01    1.00000000E+00 

10    0
S    1    1.000000
   6.29348000E+03    1.96979000E-03 
S    1    1.000000
   9.49044000E+02    1.49613000E-02 
S    1    1.000000
   2.18776000E+02    7.35006000E-02 
S    1    1.000000
   6.36916000E+01    2.48937000E-01 
S    1    1.000000
   1.88282000E+01    6.02460000E-01 
S    1    1.000000
   2.72023000E+00    2.56202000E-01 
SP   3    1.000000
   3.06331000E+01    1.11906000E-01   3.83119000E-02 
   7.02614000E+00    9.21666000E-01   2.37403000E-01 
   2.11205000E+00   -2.56919000E-03   8.17592000E-01 
SP   1    1.000000
   6.84009000E-01    1.00000000E+00   1.00000000E+00 
SP   1    1.000000
   2.00878000E-01    1.00000000E+00   1.00000000E+00 
SP   1    1.000000
   6.39000000E-02    1.00000000E+00   1.00000000E+00 
SP   1    1.000000
   1.92469880E-02    1.00000000E+00   1.00000000E+00 
D    1    1.000000
   9.13000000E-01    1.00000000E+00 

11    0
S    1    1.000000
   4.56324000E+03    1.96665000E-03 
S    1    1.000000
   6.82024000E+02    1.52306000E-02 
S    1    1.000000
   1.54973000E+02    7.61269000E-02 
S    1    1.000000
   4.44553000E+01    2.60801000E-01 
S    1    1.000000
   1.30290000E+01    6.16462000E-01 
S    1    1.000000
   1.82773000E+00    2.21006000E-01 
SP   3    1.000000
   2.09642000E+01    1.14660000E-01   4.02487000E-02 
   4.80331000E+00    9.19999000E-01   2.37594000E-01 
   1.45933000E+00   -3.03068000E-03   8.15854000E-01 
SP   1    1.000000
   4.83456000E-01    1.00000000E+00   1.00000000E+00 
SP   1    1.000000
   1.45585000E-01    1.00000000E+00   1.00000000E+00 
SP   1    1.000000
   4.38000000E-02    1.00000000E+00   1.00000000E+00 
SP   1    1.000000
   1.31927711E-02    1.00000000E+00   1.00000000E+00 
D    1    1.000000
   6.26000000E-01    1.00000000E+00 

12    0
S    3    1.000000
   3.38650000E+01    2.54938000E-02 
   5.09479000E+00    1.90373000E-01 
   1.15879000E+00    8.52161000E-01 
S    1    1.000000
   3.25840000E-01    1.00000000E+00 
S    1    1.000000
   1.02741000E-01    1.00000000E+00 
S    1    1.000000
   3.60000000E-02    1.00000000E+00 
P    1    1.000000
   7.50000000E-01    1.00000000E+00 

[MO]
Sym=X
Ene=0.017742
Spin=Alpha
Occup=1
1    0.000217510053
2    0.00108538914
3    0.00372492488
4    0.00881373541
5    0.00325040632
6    0.0117385567
7    1.94629469e-05
8    3.95918904e-05
9    -7.86194743e-16
10    4.48736979e-05
11    4.16610047e-05
12    -3.20788033e-05
13    1.64094895e-15
14    -0.000113116897
15    1.61842117e-05
16    -0.000222397939
17    -5.06520465e-15
18    0.00112600137
19    -2.90016132e-05
20    0.00029597935
21    4.38131481e-14
22    -7.70057218e-05
23    -8.86770212e-05
24    0.000146324809
25    3.34555507e-14
26    5.38130132e-06
27    -7.25506609e-16
28    -1.16642064e-05
29    -6.81979202e-16
30    3.81153134e-05
31    -7.89586752e-06
32    5.22651303e-05
33    -0.000184287407
34    -0.000245607944
35    3.26389433e-06
36    3.67018412e-06
37    9.22110346e-16
38    1.65491348e-05
39    -6.00233717e-05
40    -5.13362449e-05
41    -0.000141339109
42    -1.54873345e-06
43    4.606143e-06
44    -2.64332558e-16
45    -3.07669951e-05
46    -4.30401967e-05
47    -0.000115930926
48    0.00029219655
49    1.34122575e-05
50    3.98150741e-05
51    -5.63657079e-16
52    -5.99791243e-06
53    -4.64544597e-05
54    -0.000231588815
55    -0.000795680474
56    -0.00187367677
57    -0.000653692256
58    -0.00253294123
59    1.25396109e-05
60    5.44374143e-06
61    1.74404748e-15
62    -6.16145422e-05
63    -4.41261564e-05
64    -1.07770372e-05
65    -2.21144109e-16
66    -0.000100212576
67    0.000332967702
68    -0.000148353144
69    4.955712e-15
70    -0.000521398456
71    7.28193646e-05
72    0.000246524345
73    4.45345069e-14
74    0.000500220795
75    0.000168560826
76    6.46662419e-05
77    2.56297561e-14
78    -3.63201399e-06
79    -5.08998998e-16
80    1.63143265e-06
81    -1.0548357e-15
82    -4.42003946e-05
83    -1.94589882e-08
84    -1.58660544e-07
85    -6.99623159e-07
86    -2.67148959e-06
87    -3.86100637e-06
88    7.47847803e-06
89    -1.43876732e-05
90    -8.176859e-07
91    6.57512292e-08
92    7.49190192e-16
93    -3.23234001e-05
94    -1.84821095e-05
95    1.38608665e-06
96    1.39650922e-15
97    0.000142258887
98    6.64593823e-05
99    -5.51551447e-05
100    4.38634354e-15
101    0.000588641178
102    0.00019307651
103    -3.52368479e-05
104    -4.26388314e-15
105    0.000144850595
106    -4.34948939e-05
107    -0.000177490039
108    5.78442457e-15
109    -3.72691158e-06
110    -7.4306674e-16
111    -4.0789829e-07
112    1.86887136e-16
113    -5.58693605e-06
114    -0.00108003707
115    -0.00836108809
116    -0.0417100068
117    -0.143197815
118    -0.338310113
119    -0.123114861
120    -0.453098149
121    0.000718990757
122    -0.000496236832
123    -3.02516668e-15
124    -0.00145351336
125    -0.000791200058
126    8.79299143e-05
127    -5.52881311e-15
128    -0.0016223211
129    0.000392799236
130    -0.000196765327
131    -7.23598218e-15
132    0.00183832814
133    3.20663087e-05
134    -0.00210080911
135    5.01122751e-14
136    0.000179307992
137    0.00027787006
138    -4.31466974e-05
139    -9.60200221e-15
140    -0.00031088562
141    -2.83160508e-16
142    0.000230763106
143    -2.63418851e-16
144    -3.41050419e-05
145    2.5727907e-06
146    1.94786227e-05
147    9.63625861e-05
148    0.000325246121
149    0.000827008874
150    0.000510273574
151    0.00118923235
152    0.0001981375
153    0.000137032913
154    -2.27720088e-15
155    -0.000598222929
156    0.000534895317
157    0.000352498678
158    -3.02967307e-15
159    0.00021493025
160    -0.000195132457
161    -0.00011246343
162    -3.03397056e-15
163    0.000171033068
164    9.44954801e-05
165    0.000193388394
166    -1.58519875e-14
167    0.00175094912
168    -0.000495700997
169    -4.1984167e-05
170    6.73165891e-15
171    -0.000243346936
172    3.81743744e-16
173    0.000110919988
174    5.39020908e-16
175    -0.000117057472
176    -1.24798351e-06
177    -9.67086948e-06
178    -4.60648661e-05
179    -0.000160968596
180    -0.000344590102
181    4.57002551e-05
182    -0.000595092083
183    -4.85627434e-05
184    4.1584392e-05
185    3.95259099e-16
186    -0.000550534175
187    -0.00065248421
188    0.000312161039
189    -6.17766756e-15
190    1.8172607e-05
191    0.000110173347
192    0.000102718156
193    9.09790827e-15
194    0.00136973094
195    0.000931103636
196    -6.65235056e-05
197    -4.17403626e-14
198    -0.000243656134
199    -0.000511759754
200    -0.00013644673
201    -2.46621469e-14
202    0.000252229393
203    1.40311019e-16
204    0.000119744716
205    -9.58076205e-16
206    -0.000207359686
207    4.92801569e-07
208    3.72944299e-06
209    1.84350401e-05
210    6.19408382e-05
211    0.000155389214
212    8.44203759e-05
213    0.000196110808
214    2.50637217e-06
215    2.11517741e-06
216    2.44398031e-15
217    -3.85812768e-05
218    1.36303313e-05
219    -3.38450753e-05
220    -4.76281791e-16
221    7.77998127e-05
222    6.07477794e-05
223    1.15685362e-05
224    9.88380572e-15
225    8.52354119e-05
226    -0.000358589693
227    -3.48066852e-06
228    -2.36390522e-14
229    -0.000599256532
230    2.62046749e-05
231    -0.000291288524
232    -4.66935889e-14
233    -5.24246516e-06
234    -2.2110191e-16
235    -1.62320079e-06
236    -1.78471601e-16
237    1.90582358e-05
238    0.000252664201
239    0.00195609704
240    0.00975741357
241    0.033503203
242    0.0791361163
243    0.0289806767
244    0.105976311
245    -4.41818084e-05
246    -3.5643765e-05
247    -1.41823288e-15
248    0.000136016506
249    -8.73890899e-05
250    -0.000512898538
251    -3.85218941e-15
252    0.000600061086
253    -0.000215940481
254    0.00039747109
255    3.45798287e-16
256    -0.00474752683
257    2.18300575e-05
258    -0.00117239022
259    -5.02635797e-14
260    -0.000549867458
261    -7.74321169e-05
262    -0.000305661975
263    -1.09700768e-14
264    -1.47185902e-05
265    -8.81234031e-16
266    9.2024726e-07
267    -8.94112913e-17
268    0.000298963055
269    6.3177729e-05
270    1.53103354e-05
271    0.000230901835
272    -0.000160219508
273    -2.7807808e-05
274    -3.53605282e-05
275    -7.50878623e-16
[5D]