[Molden Format]
[Atoms] (Angs)
  C      1    6     -0.00714236     -1.70213747     -0.00000000
  H      2    1     -2.06882847     -1.44022412      0.00000000
  H      3    1     -0.12337987     -2.77567521      0.00000000
  H      4    1      0.04651892      1.98813947     -0.00000000
  C      5    6     -1.21953563      0.40211669      0.00000000
  O      6    8     -2.25921553      1.03043814      0.00000000
  C      7    6      1.28797806      0.34644937     -0.00000000
  O      8    8      2.31273661      1.00537216     -0.00000000
  N      9    7      0.03446295      0.97739857     -0.00000000
  N     10    7     -1.17287765     -0.98229824      0.00000000
  C     11    6      1.20107039     -1.10433419     -0.00000000
  H     12    1      2.11220096     -1.67699125     -0.00000000
[GTO]
1    0
S    1    1.000000
   4.56324000E+03    1.96665000E-03 
S    1    1.000000
   6.82024000E+02    1.52306000E-02 
S    1    1.000000
   1.54973000E+02    7.61269000E-02 
S    1    1.000000
   4.44553000E+01    2.60801000E-01 
S    1    1.000000
   1.30290000E+01    6.16462000E-01 
S    1    1.000000
   1.82773000E+00    2.21006000E-01 
SP   3    1.000000
   2.09642000E+01    1.14660000E-01   4.02487000E-02 
   4.80331000E+00    9.19999000E-01   2.37594000E-01 
   1.45933000E+00   -3.03068000E-03   8.15854000E-01 
SP   1    1.000000
   4.83456000E-01    1.00000000E+00   1.00000000E+00 
SP   1    1.000000
   1.45585000E-01    1.00000000E+00   1.00000000E+00 
SP   1    1.000000
   4.38000000E-02    1.00000000E+00   1.00000000E+00 
SP   1    1.000000
   1.31927711E-02    1.00000000E+00   1.00000000E+00 
D    1    1.000000
   6.26000000E-01    1.00000000E+00 

2    0
S    3    1.000000
   3.38650000E+01    2.54938000E-02 
   5.09479000E+00    1.90373000E-01 
   1.15879000E+00    8.52161000E-01 
S    1    1.000000
   3.25840000E-01    1.00000000E+00 
S    1    1.000000
   1.02741000E-01    1.00000000E+00 
S    1    1.000000
   3.60000000E-02    1.00000000E+00 
P    1    1.000000
   7.50000000E-01    1.00000000E+00 

3    0
S    3    1.000000
   3.38650000E+01    2.54938000E-02 
   5.09479000E+00    1.90373000E-01 
   1.15879000E+00    8.52161000E-01 
S    1    1.000000
   3.25840000E-01    1.00000000E+00 
S    1    1.000000
   1.02741000E-01    1.00000000E+00 
S    1    1.000000
   3.60000000E-02    1.00000000E+00 
P    1    1.000000
   7.50000000E-01    1.00000000E+00 

4    0
S    3    1.000000
   3.38650000E+01    2.54938000E-02 
   5.09479000E+00    1.90373000E-01 
   1.15879000E+00    8.52161000E-01 
S    1    1.000000
   3.25840000E-01    1.00000000E+00 
S    1    1.000000
   1.02741000E-01    1.00000000E+00 
S    1    1.000000
   3.60000000E-02    1.00000000E+00 
P    1    1.000000
   7.50000000E-01    1.00000000E+00 

5    0
S    1    1.000000
   4.56324000E+03    1.96665000E-03 
S    1    1.000000
   6.82024000E+02    1.52306000E-02 
S    1    1.000000
   1.54973000E+02    7.61269000E-02 
S    1    1.000000
   4.44553000E+01    2.60801000E-01 
S    1    1.000000
   1.30290000E+01    6.16462000E-01 
S    1    1.000000
   1.82773000E+00    2.21006000E-01 
SP   3    1.000000
   2.09642000E+01    1.14660000E-01   4.02487000E-02 
   4.80331000E+00    9.19999000E-01   2.37594000E-01 
   1.45933000E+00   -3.03068000E-03   8.15854000E-01 
SP   1    1.000000
   4.83456000E-01    1.00000000E+00   1.00000000E+00 
SP   1    1.000000
   1.45585000E-01    1.00000000E+00   1.00000000E+00 
SP   1    1.000000
   4.38000000E-02    1.00000000E+00   1.00000000E+00 
SP   1    1.000000
   1.31927711E-02    1.00000000E+00   1.00000000E+00 
D    1    1.000000
   6.26000000E-01    1.00000000E+00 

6    0
S    1    1.000000
   8.58850000E+03    1.89515000E-03 
S    1    1.000000
   1.29723000E+03    1.43859000E-02 
S    1    1.000000
   2.99296000E+02    7.07320000E-02 
S    1    1.000000
   8.73771000E+01    2.40001000E-01 
S    1    1.000000
   2.56789000E+01    5.94797000E-01 
S    1    1.000000
   3.74004000E+00    2.80802000E-01 
SP   3    1.000000
   4.21175000E+01    1.13889000E-01   3.65114000E-02 
   9.62837000E+00    9.20811000E-01   2.37153000E-01 
   2.85332000E+00   -3.27447000E-03   8.19702000E-01 
SP   1    1.000000
   9.05661000E-01    1.00000000E+00   1.00000000E+00 
SP   1    1.000000
   2.55611000E-01    1.00000000E+00   1.00000000E+00 
SP   1    1.000000
   8.45000000E-02    1.00000000E+00   1.00000000E+00 
SP   1    1.000000
   2.54518072E-02    1.00000000E+00   1.00000000E+00 
D    1    1.000000
   1.29200000E+00    1.00000000E+00 

7    0
S    1    1.000000
   4.56324000E+03    1.96665000E-03 
S    1    1.000000
   6.82024000E+02    1.52306000E-02 
S    1    1.000000
   1.54973000E+02    7.61269000E-02 
S    1    1.000000
   4.44553000E+01    2.60801000E-01 
S    1    1.000000
   1.30290000E+01    6.16462000E-01 
S    1    1.000000
   1.82773000E+00    2.21006000E-01 
SP   3    1.000000
   2.09642000E+01    1.14660000E-01   4.02487000E-02 
   4.80331000E+00    9.19999000E-01   2.37594000E-01 
   1.45933000E+00   -3.03068000E-03   8.15854000E-01 
SP   1    1.000000
   4.83456000E-01    1.00000000E+00   1.00000000E+00 
SP   1    1.000000
   1.45585000E-01    1.00000000E+00   1.00000000E+00 
SP   1    1.000000
   4.38000000E-02    1.00000000E+00   1.00000000E+00 
SP   1    1.000000
   1.31927711E-02    1.00000000E+00   1.00000000E+00 
D    1    1.000000
   6.26000000E-01    1.00000000E+00 

8    0
S    1    1.000000
   8.58850000E+03    1.89515000E-03 
S    1    1.000000
   1.29723000E+03    1.43859000E-02 
S    1    1.000000
   2.99296000E+02    7.07320000E-02 
S    1    1.000000
   8.73771000E+01    2.40001000E-01 
S    1    1.000000
   2.56789000E+01    5.94797000E-01 
S    1    1.000000
   3.74004000E+00    2.80802000E-01 
SP   3    1.000000
   4.21175000E+01    1.13889000E-01   3.65114000E-02 
   9.62837000E+00    9.20811000E-01   2.37153000E-01 
   2.85332000E+00   -3.27447000E-03   8.19702000E-01 
SP   1    1.000000
   9.05661000E-01    1.00000000E+00   1.00000000E+00 
SP   1    1.000000
   2.55611000E-01    1.00000000E+00   1.00000000E+00 
SP   1    1.000000
   8.45000000E-02    1.00000000E+00   1.00000000E+00 
SP   1    1.000000
   2.54518072E-02    1.00000000E+00   1.00000000E+00 
D    1    1.000000
   1.29200000E+00    1.00000000E+00 

9    0
S    1    1.000000
   6.29348000E+03    1.96979000E-03 
S    1    1.000000
   9.49044000E+02    1.49613000E-02 
S    1    1.000000
   2.18776000E+02    7.35006000E-02 
S    1    1.000000
   6.36916000E+01    2.48937000E-01 
S    1    1.000000
   1.88282000E+01    6.02460000E-01 
S    1    1.000000
   2.72023000E+00    2.56202000E-01 
SP   3    1.000000
   3.06331000E+01    1.11906000E-01   3.83119000E-02 
   7.02614000E+00    9.21666000E-01   2.37403000E-01 
   2.11205000E+00   -2.56919000E-03   8.17592000E-01 
SP   1    1.000000
   6.84009000E-01    1.00000000E+00   1.00000000E+00 
SP   1    1.000000
   2.00878000E-01    1.00000000E+00   1.00000000E+00 
SP   1    1.000000
   6.39000000E-02    1.00000000E+00   1.00000000E+00 
SP   1    1.000000
   1.92469880E-02    1.00000000E+00   1.00000000E+00 
D    1    1.000000
   9.13000000E-01    1.00000000E+00 

10    0
S    1    1.000000
   6.29348000E+03    1.96979000E-03 
S    1    1.000000
   9.49044000E+02    1.49613000E-02 
S    1    1.000000
   2.18776000E+02    7.35006000E-02 
S    1    1.000000
   6.36916000E+01    2.48937000E-01 
S    1    1.000000
   1.88282000E+01    6.02460000E-01 
S    1    1.000000
   2.72023000E+00    2.56202000E-01 
SP   3    1.000000
   3.06331000E+01    1.11906000E-01   3.83119000E-02 
   7.02614000E+00    9.21666000E-01   2.37403000E-01 
   2.11205000E+00   -2.56919000E-03   8.17592000E-01 
SP   1    1.000000
   6.84009000E-01    1.00000000E+00   1.00000000E+00 
SP   1    1.000000
   2.00878000E-01    1.00000000E+00   1.00000000E+00 
SP   1    1.000000
   6.39000000E-02    1.00000000E+00   1.00000000E+00 
SP   1    1.000000
   1.92469880E-02    1.00000000E+00   1.00000000E+00 
D    1    1.000000
   9.13000000E-01    1.00000000E+00 

11    0
S    1    1.000000
   4.56324000E+03    1.96665000E-03 
S    1    1.000000
   6.82024000E+02    1.52306000E-02 
S    1    1.000000
   1.54973000E+02    7.61269000E-02 
S    1    1.000000
   4.44553000E+01    2.60801000E-01 
S    1    1.000000
   1.30290000E+01    6.16462000E-01 
S    1    1.000000
   1.82773000E+00    2.21006000E-01 
SP   3    1.000000
   2.09642000E+01    1.14660000E-01   4.02487000E-02 
   4.80331000E+00    9.19999000E-01   2.37594000E-01 
   1.45933000E+00   -3.03068000E-03   8.15854000E-01 
SP   1    1.000000
   4.83456000E-01    1.00000000E+00   1.00000000E+00 
SP   1    1.000000
   1.45585000E-01    1.00000000E+00   1.00000000E+00 
SP   1    1.000000
   4.38000000E-02    1.00000000E+00   1.00000000E+00 
SP   1    1.000000
   1.31927711E-02    1.00000000E+00   1.00000000E+00 
D    1    1.000000
   6.26000000E-01    1.00000000E+00 

12    0
S    3    1.000000
   3.38650000E+01    2.54938000E-02 
   5.09479000E+00    1.90373000E-01 
   1.15879000E+00    8.52161000E-01 
S    1    1.000000
   3.25840000E-01    1.00000000E+00 
S    1    1.000000
   1.02741000E-01    1.00000000E+00 
S    1    1.000000
   3.60000000E-02    1.00000000E+00 
P    1    1.000000
   7.50000000E-01    1.00000000E+00 

[MO]
Sym=X
Ene=0.000246
Spin=Alpha
Occup=1
1    -0.00829645852
2    -0.0413861825
3    -0.142092012
4    -0.335663559
5    -0.122383361
6    -0.449492429
7    0.00106575985
8    -0.000309138767
9    5.87142942e-16
10    -0.0016995422
11    -0.00111391696
12    4.77847627e-06
13    -1.69196333e-15
14    -0.00129406054
15    0.000343963901
16    -0.0007843455
17    7.2554352e-15
18    -0.000235031185
19    0.000691098697
20    -0.000273378279
21    -8.40836986e-14
22    0.000160411863
23    -9.1145693e-05
24    0.000107007949
25    8.05442567e-14
26    -0.000401164426
27    1.82093273e-16
28    0.000231682798
29    -1.13993342e-16
30    -0.000112564804
31    -3.22850677e-05
32    -4.69560302e-05
33    -9.76989001e-05
34    -1.48454358e-05
35    -4.7997801e-05
36    -1.38409918e-05
37    2.15785098e-16
38    -0.000370634529
39    -0.000476830756
40    -0.000177448869
41    -6.94107178e-05
42    -5.04498382e-05
43    -0.00030989233
44    7.08010721e-17
45    -2.25689048e-05
46    3.7541479e-05
47    -0.000265478084
48    -0.000215883437
49    -3.02919453e-06
50    6.92853611e-06
51    -6.58028526e-16
52    -2.29592576e-05
53    -0.000177778659
54    -0.000886582342
55    -0.00304489251
56    -0.00718218716
57    -0.00255837576
58    -0.00966283451
59    -3.84334927e-06
60    -1.13608232e-05
61    -2.1374292e-15
62    -0.000165621177
63    -1.7038691e-05
64    7.29400877e-05
65    -2.83579554e-16
66    -0.000176309804
67    0.000770203358
68    -0.000464226668
69    -4.51409641e-15
70    -0.000788483276
71    0.000376858803
72    -0.000497052224
73    -9.88875657e-14
74    -0.000368104892
75    -0.00011729492
76    -1.99463216e-06
77    -8.12428211e-14
78    2.14633671e-05
79    -5.21454074e-16
80    -3.42840135e-07
81    6.10598794e-16
82    2.94680814e-05
83    7.08871207e-08
84    5.08191491e-07
85    2.72044246e-06
86    8.41362176e-06
87    2.89185961e-05
88    4.16014578e-05
89    1.53494551e-05
90    3.20880559e-07
91    4.25427446e-07
92    -1.44302199e-15
93    -9.06138524e-05
94    -4.28966074e-05
95    3.27363194e-05
96    -1.52480283e-15
97    0.000351995885
98    0.000181488696
99    -0.000105056039
100    -6.17365633e-15
101    0.00122971791
102    0.000219991567
103    -0.000153642955
104    7.11737568e-15
105    0.0013915042
106    0.000251703159
107    -0.000108886339
108    3.14318337e-14
109    6.09614428e-06
110    6.0991065e-16
111    1.27508448e-06
112    -5.0111277e-16
113    1.27027761e-06
114    -0.000262111669
115    -0.00202918821
116    -0.0101223655
117    -0.0347533787
118    -0.0820907409
119    -0.0298017651
120    -0.109993561
121    0.000168411841
122    -0.000132960591
123    -2.87323683e-16
124    -0.000534538269
125    -0.000154804542
126    0.000238675975
127    -1.15357381e-15
128    -0.000508575959
129    0.00019239129
130    -7.79197852e-05
131    4.63557592e-15
132    0.000826702348
133    -0.000359624796
134    -0.000893215842
135    -9.79172045e-14
136    4.17575792e-05
137    -0.000104540311
138    6.20254586e-05
139    3.65438105e-14
140    -0.000119319037
141    1.26608949e-16
142    7.36191397e-05
143    3.29304632e-16
144    9.72139033e-05
145    1.27922433e-06
146    9.70402307e-06
147    4.78221478e-05
148    0.000161970615
149    0.000407434332
150    0.000225676003
151    0.000581459203
152    4.51489401e-05
153    2.63844561e-05
154    -7.6863926e-16
155    -0.000147290635
156    0.000145308596
157    0.000112761499
158    2.88342526e-15
159    -2.05553586e-05
160    -6.94563988e-05
161    -2.91197215e-05
162    -7.26954022e-15
163    0.000293853006
164    5.5189496e-06
165    5.12506333e-05
166    1.75878792e-14
167    0.000705037972
168    -0.000192728996
169    1.78513307e-05
170    -1.28677599e-15
171    -6.78232235e-05
172    6.49431527e-17
173    2.83968997e-05
174    2.98705356e-16
175    -1.81488866e-05
176    -1.58074401e-06
177    -1.21249835e-05
178    -5.87407151e-05
179    -0.000201839194
180    -0.000464968774
181    -0.000110467535
182    -0.000717004179
183    -6.56246808e-06
184    1.02894543e-06
185    -2.4395356e-15
186    -0.000225511869
187    -0.00015551479
188    0.000117237452
189    3.49570212e-15
190    -7.0030758e-05
191    0.000101473945
192    3.9378898e-05
193    -1.98305728e-14
194    0.000151751241
195    9.27878376e-05
196    0.000554923175
197    6.59019974e-14
198    -0.000912250918
199    7.09916656e-05
200    0.000120741426
201    6.65780689e-14
202    5.64209373e-05
203    2.20674023e-16
204    3.44435684e-05
205    2.82149661e-16
206    -6.31399635e-05
207    -1.20546088e-06
208    -9.36252411e-06
209    -4.44297379e-05
210    -0.00015579151
211    -0.000327167284
212    8.79968133e-05
213    -0.000584539708
214    -6.13080701e-05
215    3.71571082e-05
216    -2.8041077e-15
217    -0.000689403923
218    -0.000723638997
219    0.000416439658
220    6.80478996e-15
221    6.40322349e-05
222    5.41879867e-06
223    -0.000103893686
224    -2.2078674e-14
225    0.00115082041
226    0.000283538932
227    -0.000398419055
228    7.01767584e-14
229    0.000326759374
230    0.000313038425
231    -0.000167082999
232    1.79441288e-14
233    0.000322759622
234    -1.10095012e-16
235    0.000129992952
236    -1.74133618e-16
237    -0.000173741554
238    -0.000113413349
239    -0.00087785887
240    -0.00438000612
241    -0.0150340482
242    -0.0355528138
243    -0.013063518
244    -0.0473985334
245    0.000164033647
246    2.61311151e-05
247    -5.63067419e-16
248    -0.00042060845
249    0.000219296391
250    1.5290354e-06
251    2.57136808e-15
252    0.000630148739
253    -0.000502400429
254    0.00025807429
255    -1.11817184e-14
256    -0.00289188728
257    0.000172505232
258    0.000181375513
259    9.71745539e-14
260    4.01250132e-05
261    0.000130036675
262    -3.25931027e-06
263    -8.01589829e-14
264    -0.000174070562
265    -5.73509372e-16
266    -3.43428662e-05
267    6.60837341e-16
268    -8.61616832e-05
269    -6.93329326e-05
270    -8.96595061e-05
271    0.000361425947
272    0.000165327616
273    0.000118537294
274    -1.83934572e-05
275    6.12616903e-16
[5D]