291.6529    0.93358504
293.7896    0.93476523
295.3883    0.93954305
296.4567    0.94128537
306.9287    0.00017630
307.5183    0.00004674
308.1370    0.03951146
308.1665    0.05921816
308.2239    0.00036548
308.5202    0.02462263
308.6835    0.00003684
308.7908    0.04326360
309.2546    0.00008142
309.6928    0.05509163
309.7605    0.02710004
309.7966    0.00002530
309.9644    0.01544937
310.0742    0.04244265
310.2796    0.02746915
310.4010    0.02225260
308.1834    0.00000000
308.3248    0.00000000
309.3482    0.00000000
309.6874    0.00000000
309.8646    0.00000000
309.9493    0.00000000
309.9548    0.00000000
310.0071    0.00000000
310.0723    0.00000000
310.5761    0.00000000
