[Molden Format]
[Atoms] (Angs)
  C      1    6     -0.00714236     -1.70213747     -0.00000000
  H      2    1     -2.06882847     -1.44022412      0.00000000
  H      3    1     -0.12337987     -2.77567521      0.00000000
  H      4    1      0.04651892      1.98813947     -0.00000000
  C      5    6     -1.21953563      0.40211669      0.00000000
  O      6    8     -2.25921553      1.03043814      0.00000000
  C      7    6      1.28797806      0.34644937     -0.00000000
  O      8    8      2.31273661      1.00537216     -0.00000000
  N      9    7      0.03446295      0.97739857     -0.00000000
  N     10    7     -1.17287765     -0.98229824      0.00000000
  C     11    6      1.20107039     -1.10433419     -0.00000000
  H     12    1      2.11220096     -1.67699125     -0.00000000
[GTO]
1    0
S    1    1.000000
   4.56324000E+03    1.96665000E-03 
S    1    1.000000
   6.82024000E+02    1.52306000E-02 
S    1    1.000000
   1.54973000E+02    7.61269000E-02 
S    1    1.000000
   4.44553000E+01    2.60801000E-01 
S    1    1.000000
   1.30290000E+01    6.16462000E-01 
S    1    1.000000
   1.82773000E+00    2.21006000E-01 
SP   3    1.000000
   2.09642000E+01    1.14660000E-01   4.02487000E-02 
   4.80331000E+00    9.19999000E-01   2.37594000E-01 
   1.45933000E+00   -3.03068000E-03   8.15854000E-01 
SP   1    1.000000
   4.83456000E-01    1.00000000E+00   1.00000000E+00 
SP   1    1.000000
   1.45585000E-01    1.00000000E+00   1.00000000E+00 
SP   1    1.000000
   4.38000000E-02    1.00000000E+00   1.00000000E+00 
SP   1    1.000000
   1.31927711E-02    1.00000000E+00   1.00000000E+00 
D    1    1.000000
   6.26000000E-01    1.00000000E+00 

2    0
S    3    1.000000
   3.38650000E+01    2.54938000E-02 
   5.09479000E+00    1.90373000E-01 
   1.15879000E+00    8.52161000E-01 
S    1    1.000000
   3.25840000E-01    1.00000000E+00 
S    1    1.000000
   1.02741000E-01    1.00000000E+00 
S    1    1.000000
   3.60000000E-02    1.00000000E+00 
P    1    1.000000
   7.50000000E-01    1.00000000E+00 

3    0
S    3    1.000000
   3.38650000E+01    2.54938000E-02 
   5.09479000E+00    1.90373000E-01 
   1.15879000E+00    8.52161000E-01 
S    1    1.000000
   3.25840000E-01    1.00000000E+00 
S    1    1.000000
   1.02741000E-01    1.00000000E+00 
S    1    1.000000
   3.60000000E-02    1.00000000E+00 
P    1    1.000000
   7.50000000E-01    1.00000000E+00 

4    0
S    3    1.000000
   3.38650000E+01    2.54938000E-02 
   5.09479000E+00    1.90373000E-01 
   1.15879000E+00    8.52161000E-01 
S    1    1.000000
   3.25840000E-01    1.00000000E+00 
S    1    1.000000
   1.02741000E-01    1.00000000E+00 
S    1    1.000000
   3.60000000E-02    1.00000000E+00 
P    1    1.000000
   7.50000000E-01    1.00000000E+00 

5    0
S    1    1.000000
   4.56324000E+03    1.96665000E-03 
S    1    1.000000
   6.82024000E+02    1.52306000E-02 
S    1    1.000000
   1.54973000E+02    7.61269000E-02 
S    1    1.000000
   4.44553000E+01    2.60801000E-01 
S    1    1.000000
   1.30290000E+01    6.16462000E-01 
S    1    1.000000
   1.82773000E+00    2.21006000E-01 
SP   3    1.000000
   2.09642000E+01    1.14660000E-01   4.02487000E-02 
   4.80331000E+00    9.19999000E-01   2.37594000E-01 
   1.45933000E+00   -3.03068000E-03   8.15854000E-01 
SP   1    1.000000
   4.83456000E-01    1.00000000E+00   1.00000000E+00 
SP   1    1.000000
   1.45585000E-01    1.00000000E+00   1.00000000E+00 
SP   1    1.000000
   4.38000000E-02    1.00000000E+00   1.00000000E+00 
SP   1    1.000000
   1.31927711E-02    1.00000000E+00   1.00000000E+00 
D    1    1.000000
   6.26000000E-01    1.00000000E+00 

6    0
S    1    1.000000
   8.58850000E+03    1.89515000E-03 
S    1    1.000000
   1.29723000E+03    1.43859000E-02 
S    1    1.000000
   2.99296000E+02    7.07320000E-02 
S    1    1.000000
   8.73771000E+01    2.40001000E-01 
S    1    1.000000
   2.56789000E+01    5.94797000E-01 
S    1    1.000000
   3.74004000E+00    2.80802000E-01 
SP   3    1.000000
   4.21175000E+01    1.13889000E-01   3.65114000E-02 
   9.62837000E+00    9.20811000E-01   2.37153000E-01 
   2.85332000E+00   -3.27447000E-03   8.19702000E-01 
SP   1    1.000000
   9.05661000E-01    1.00000000E+00   1.00000000E+00 
SP   1    1.000000
   2.55611000E-01    1.00000000E+00   1.00000000E+00 
SP   1    1.000000
   8.45000000E-02    1.00000000E+00   1.00000000E+00 
SP   1    1.000000
   2.54518072E-02    1.00000000E+00   1.00000000E+00 
D    1    1.000000
   1.29200000E+00    1.00000000E+00 

7    0
S    1    1.000000
   4.56324000E+03    1.96665000E-03 
S    1    1.000000
   6.82024000E+02    1.52306000E-02 
S    1    1.000000
   1.54973000E+02    7.61269000E-02 
S    1    1.000000
   4.44553000E+01    2.60801000E-01 
S    1    1.000000
   1.30290000E+01    6.16462000E-01 
S    1    1.000000
   1.82773000E+00    2.21006000E-01 
SP   3    1.000000
   2.09642000E+01    1.14660000E-01   4.02487000E-02 
   4.80331000E+00    9.19999000E-01   2.37594000E-01 
   1.45933000E+00   -3.03068000E-03   8.15854000E-01 
SP   1    1.000000
   4.83456000E-01    1.00000000E+00   1.00000000E+00 
SP   1    1.000000
   1.45585000E-01    1.00000000E+00   1.00000000E+00 
SP   1    1.000000
   4.38000000E-02    1.00000000E+00   1.00000000E+00 
SP   1    1.000000
   1.31927711E-02    1.00000000E+00   1.00000000E+00 
D    1    1.000000
   6.26000000E-01    1.00000000E+00 

8    0
S    1    1.000000
   8.58850000E+03    1.89515000E-03 
S    1    1.000000
   1.29723000E+03    1.43859000E-02 
S    1    1.000000
   2.99296000E+02    7.07320000E-02 
S    1    1.000000
   8.73771000E+01    2.40001000E-01 
S    1    1.000000
   2.56789000E+01    5.94797000E-01 
S    1    1.000000
   3.74004000E+00    2.80802000E-01 
SP   3    1.000000
   4.21175000E+01    1.13889000E-01   3.65114000E-02 
   9.62837000E+00    9.20811000E-01   2.37153000E-01 
   2.85332000E+00   -3.27447000E-03   8.19702000E-01 
SP   1    1.000000
   9.05661000E-01    1.00000000E+00   1.00000000E+00 
SP   1    1.000000
   2.55611000E-01    1.00000000E+00   1.00000000E+00 
SP   1    1.000000
   8.45000000E-02    1.00000000E+00   1.00000000E+00 
SP   1    1.000000
   2.54518072E-02    1.00000000E+00   1.00000000E+00 
D    1    1.000000
   1.29200000E+00    1.00000000E+00 

9    0
S    1    1.000000
   6.29348000E+03    1.96979000E-03 
S    1    1.000000
   9.49044000E+02    1.49613000E-02 
S    1    1.000000
   2.18776000E+02    7.35006000E-02 
S    1    1.000000
   6.36916000E+01    2.48937000E-01 
S    1    1.000000
   1.88282000E+01    6.02460000E-01 
S    1    1.000000
   2.72023000E+00    2.56202000E-01 
SP   3    1.000000
   3.06331000E+01    1.11906000E-01   3.83119000E-02 
   7.02614000E+00    9.21666000E-01   2.37403000E-01 
   2.11205000E+00   -2.56919000E-03   8.17592000E-01 
SP   1    1.000000
   6.84009000E-01    1.00000000E+00   1.00000000E+00 
SP   1    1.000000
   2.00878000E-01    1.00000000E+00   1.00000000E+00 
SP   1    1.000000
   6.39000000E-02    1.00000000E+00   1.00000000E+00 
SP   1    1.000000
   1.92469880E-02    1.00000000E+00   1.00000000E+00 
D    1    1.000000
   9.13000000E-01    1.00000000E+00 

10    0
S    1    1.000000
   6.29348000E+03    1.96979000E-03 
S    1    1.000000
   9.49044000E+02    1.49613000E-02 
S    1    1.000000
   2.18776000E+02    7.35006000E-02 
S    1    1.000000
   6.36916000E+01    2.48937000E-01 
S    1    1.000000
   1.88282000E+01    6.02460000E-01 
S    1    1.000000
   2.72023000E+00    2.56202000E-01 
SP   3    1.000000
   3.06331000E+01    1.11906000E-01   3.83119000E-02 
   7.02614000E+00    9.21666000E-01   2.37403000E-01 
   2.11205000E+00   -2.56919000E-03   8.17592000E-01 
SP   1    1.000000
   6.84009000E-01    1.00000000E+00   1.00000000E+00 
SP   1    1.000000
   2.00878000E-01    1.00000000E+00   1.00000000E+00 
SP   1    1.000000
   6.39000000E-02    1.00000000E+00   1.00000000E+00 
SP   1    1.000000
   1.92469880E-02    1.00000000E+00   1.00000000E+00 
D    1    1.000000
   9.13000000E-01    1.00000000E+00 

11    0
S    1    1.000000
   4.56324000E+03    1.96665000E-03 
S    1    1.000000
   6.82024000E+02    1.52306000E-02 
S    1    1.000000
   1.54973000E+02    7.61269000E-02 
S    1    1.000000
   4.44553000E+01    2.60801000E-01 
S    1    1.000000
   1.30290000E+01    6.16462000E-01 
S    1    1.000000
   1.82773000E+00    2.21006000E-01 
SP   3    1.000000
   2.09642000E+01    1.14660000E-01   4.02487000E-02 
   4.80331000E+00    9.19999000E-01   2.37594000E-01 
   1.45933000E+00   -3.03068000E-03   8.15854000E-01 
SP   1    1.000000
   4.83456000E-01    1.00000000E+00   1.00000000E+00 
SP   1    1.000000
   1.45585000E-01    1.00000000E+00   1.00000000E+00 
SP   1    1.000000
   4.38000000E-02    1.00000000E+00   1.00000000E+00 
SP   1    1.000000
   1.31927711E-02    1.00000000E+00   1.00000000E+00 
D    1    1.000000
   6.26000000E-01    1.00000000E+00 

12    0
S    3    1.000000
   3.38650000E+01    2.54938000E-02 
   5.09479000E+00    1.90373000E-01 
   1.15879000E+00    8.52161000E-01 
S    1    1.000000
   3.25840000E-01    1.00000000E+00 
S    1    1.000000
   1.02741000E-01    1.00000000E+00 
S    1    1.000000
   3.60000000E-02    1.00000000E+00 
P    1    1.000000
   7.50000000E-01    1.00000000E+00 

[MO]
Sym=X
Ene=0.010227
Spin=Alpha
Occup=1
1    -0.0010911957
2    -0.00844764882
3    -0.0421403149
4    -0.144681667
5    -0.341777927
6    -0.12463018
7    -0.457704707
8    0.0011177583
9    -0.00029761008
10    1.02165751e-15
11    -0.0015824614
12    -0.000975327095
13    9.71241603e-05
14    -1.97608553e-15
15    -0.00159115728
16    0.00026467166
17    -0.000943574007
18    9.02136169e-15
19    -0.0010887416
20    0.000675548436
21    -0.000693405974
22    -6.99075958e-14
23    0.000115863684
24    -8.33482503e-05
25    1.31741984e-05
26    6.48173087e-14
27    -0.000322988374
28    1.13262141e-17
29    0.00023037201
30    1.75547997e-15
31    -5.88237282e-05
32    -2.85181261e-05
33    -3.84358536e-05
34    -4.28906349e-05
35    0.00011435386
36    -4.37980031e-05
37    -1.54473407e-05
38    -1.57248514e-15
39    -0.000369718773
40    -0.000455126637
41    -0.000291925617
42    -0.000232381467
43    -3.41449783e-05
44    -0.000294844708
45    2.3694063e-16
46    -1.36539119e-05
47    5.69901732e-05
48    -0.000246507168
49    -0.000189047323
50    -3.48818954e-06
51    -1.33769679e-06
52    -1.8984117e-15
53    -4.19749136e-08
54    -3.55089697e-07
55    -1.55832128e-06
56    -6.15445381e-06
57    -5.71655791e-06
58    4.08704869e-05
59    -4.19513637e-05
60    6.11509957e-06
61    -2.01695146e-05
62    -7.36570355e-15
63    -0.000104164073
64    -2.21706801e-05
65    8.05070769e-05
66    -1.04039846e-14
67    -0.000311258215
68    0.000597600176
69    -0.000375955462
70    -1.43546135e-14
71    -0.000706135367
72    0.000296294742
73    -0.000555192713
74    -8.56069984e-14
75    -0.000438609941
76    -0.00016506186
77    4.46955927e-06
78    -6.24543521e-14
79    1.78797577e-05
80    -1.22476499e-15
81    -2.7258534e-06
82    2.12867628e-15
83    3.99082657e-05
84    2.5135799e-09
85    -6.43056013e-09
86    1.53477339e-07
87    -1.69303949e-07
88    6.28806145e-06
89    2.53778435e-05
90    -1.40101654e-05
91    3.82083942e-06
92    -1.87798178e-06
93    -5.39811874e-15
94    -6.90764394e-05
95    -2.59683429e-05
96    2.49363668e-05
97    -8.03272881e-15
98    0.000301803557
99    0.000155422128
100    -8.80398272e-05
101    -1.59448842e-14
102    0.00100052412
103    0.000161511595
104    -0.000128273167
105    -1.91115396e-15
106    0.00133521119
107    0.000274086646
108    -5.02932518e-05
109    2.3397591e-14
110    1.76043326e-06
111    1.3964734e-15
112    -6.52771522e-07
113    -1.54684931e-15
114    5.01352548e-06
115    -0.000106461958
116    -0.000824221241
117    -0.00411136772
118    -0.0141164279
119    -0.0333386375
120    -0.0120967733
121    -0.044697161
122    6.30355469e-05
123    -8.4672954e-05
124    2.07595529e-15
125    -0.000165406478
126    -5.23486789e-05
127    4.44314349e-05
128    4.44218996e-15
129    -0.000451178758
130    0.000295928216
131    0.000219251672
132    9.63550404e-15
133    8.97402732e-05
134    -0.000146304578
135    -0.000301878155
136    -7.60969347e-14
137    -6.2213527e-05
138    -0.000169587926
139    6.66931351e-05
140    3.450197e-14
141    -5.8557478e-05
142    -2.09186015e-16
143    1.96273646e-05
144    2.47827489e-15
145    1.85123793e-06
146    3.66783546e-08
147    2.76048534e-07
148    1.39417772e-06
149    4.64105961e-06
150    1.19587793e-05
151    1.14348012e-05
152    2.37927575e-05
153    2.01050871e-05
154    1.41547335e-05
155    1.78505006e-15
156    -4.30563267e-05
157    5.41381365e-05
158    4.93334148e-05
159    6.607787e-15
160    -0.000111788666
161    -3.25007018e-06
162    -1.10828493e-05
163    -9.87445742e-17
164    1.29770572e-05
165    3.07228287e-05
166    3.97328309e-05
167    2.50380268e-14
168    -8.15176232e-05
169    -1.4825074e-05
170    5.70550349e-05
171    6.48651499e-15
172    -2.45874051e-05
173    -3.02928418e-16
174    1.20376343e-05
175    -1.48397271e-16
176    -8.19705326e-06
177    2.89787462e-08
178    1.70782994e-07
179    1.20635556e-06
180    2.71676863e-06
181    1.92754974e-05
182    5.50153299e-05
183    -1.30952696e-05
184    -8.10919573e-06
185    -2.04703192e-06
186    -3.77835654e-15
187    -0.000115827362
188    -4.82059429e-05
189    5.57164729e-05
190    -3.28939253e-16
191    8.12919792e-06
192    3.34357253e-05
193    -3.96199527e-05
194    -1.97544761e-14
195    0.000137041808
196    -0.000107782755
197    0.000489203688
198    5.55586162e-14
199    -0.000672922303
200    0.000318920815
201    8.60084175e-05
202    6.51840594e-14
203    1.4447436e-05
204    3.3655635e-16
205    1.39579134e-05
206    2.11499065e-15
207    -2.44106472e-05
208    2.39859282e-07
209    1.65998697e-06
210    9.4504341e-06
211    2.75907166e-05
212    0.000111692528
213    0.00026121623
214    4.21976401e-05
215    -6.99273701e-05
216    4.14652051e-05
217    -4.9986075e-15
218    -0.000659246154
219    -0.000708932639
220    0.000429220695
221    1.26527402e-15
222    0.000138497459
223    4.27050497e-05
224    -5.56932528e-05
225    -2.61373801e-14
226    0.00143331132
227    0.000465024241
228    -0.000330586011
229    5.61350663e-14
230    0.000587870154
231    0.000323842282
232    -5.40012788e-05
233    2.5571023e-14
234    0.000319841883
235    -1.14956374e-15
236    0.000126711469
237    2.77825971e-16
238    -0.00017371825
239    0.000169612657
240    0.00131325223
241    0.00654991649
242    0.0224936005
243    0.0530951324
244    0.0193500678
245    0.071263153
246    0.000120233802
247    9.90236744e-05
248    2.00198246e-15
249    8.47044766e-05
250    0.000221804292
251    3.47659081e-05
252    6.10431159e-15
253    0.0010920646
254    -0.000710097007
255    0.000379760487
256    -2.8776364e-15
257    -0.000989625658
258    -0.000106615612
259    0.000640513401
260    9.04357284e-14
261    0.000198054956
262    0.000172657333
263    0.000105997577
264    -4.87346335e-14
265    -0.00015436222
266    1.69335231e-16
267    -6.26237951e-05
268    1.1582459e-15
269    -0.000107069901
270    3.03331232e-05
271    3.86408576e-05
272    0.000415005911
273    0.000326976137
274    4.66577541e-05
275    3.12468998e-05
276    2.12183394e-15
[5D]