[Molden Format]
[Atoms] (Angs)
  C      1    6     -0.00714236     -1.70213747     -0.00000000
  H      2    1     -2.06882847     -1.44022412      0.00000000
  H      3    1     -0.12337987     -2.77567521      0.00000000
  H      4    1      0.04651892      1.98813947     -0.00000000
  C      5    6     -1.21953563      0.40211669      0.00000000
  O      6    8     -2.25921553      1.03043814      0.00000000
  C      7    6      1.28797806      0.34644937     -0.00000000
  O      8    8      2.31273661      1.00537216     -0.00000000
  N      9    7      0.03446295      0.97739857     -0.00000000
  N     10    7     -1.17287765     -0.98229824      0.00000000
  C     11    6      1.20107039     -1.10433419     -0.00000000
  H     12    1      2.11220096     -1.67699125     -0.00000000
[GTO]
1    0
S    1    1.000000
   4.56324000E+03    1.96665000E-03 
S    1    1.000000
   6.82024000E+02    1.52306000E-02 
S    1    1.000000
   1.54973000E+02    7.61269000E-02 
S    1    1.000000
   4.44553000E+01    2.60801000E-01 
S    1    1.000000
   1.30290000E+01    6.16462000E-01 
S    1    1.000000
   1.82773000E+00    2.21006000E-01 
SP   3    1.000000
   2.09642000E+01    1.14660000E-01   4.02487000E-02 
   4.80331000E+00    9.19999000E-01   2.37594000E-01 
   1.45933000E+00   -3.03068000E-03   8.15854000E-01 
SP   1    1.000000
   4.83456000E-01    1.00000000E+00   1.00000000E+00 
SP   1    1.000000
   1.45585000E-01    1.00000000E+00   1.00000000E+00 
SP   1    1.000000
   4.38000000E-02    1.00000000E+00   1.00000000E+00 
SP   1    1.000000
   1.31927711E-02    1.00000000E+00   1.00000000E+00 
D    1    1.000000
   6.26000000E-01    1.00000000E+00 

2    0
S    3    1.000000
   3.38650000E+01    2.54938000E-02 
   5.09479000E+00    1.90373000E-01 
   1.15879000E+00    8.52161000E-01 
S    1    1.000000
   3.25840000E-01    1.00000000E+00 
S    1    1.000000
   1.02741000E-01    1.00000000E+00 
S    1    1.000000
   3.60000000E-02    1.00000000E+00 
P    1    1.000000
   7.50000000E-01    1.00000000E+00 

3    0
S    3    1.000000
   3.38650000E+01    2.54938000E-02 
   5.09479000E+00    1.90373000E-01 
   1.15879000E+00    8.52161000E-01 
S    1    1.000000
   3.25840000E-01    1.00000000E+00 
S    1    1.000000
   1.02741000E-01    1.00000000E+00 
S    1    1.000000
   3.60000000E-02    1.00000000E+00 
P    1    1.000000
   7.50000000E-01    1.00000000E+00 

4    0
S    3    1.000000
   3.38650000E+01    2.54938000E-02 
   5.09479000E+00    1.90373000E-01 
   1.15879000E+00    8.52161000E-01 
S    1    1.000000
   3.25840000E-01    1.00000000E+00 
S    1    1.000000
   1.02741000E-01    1.00000000E+00 
S    1    1.000000
   3.60000000E-02    1.00000000E+00 
P    1    1.000000
   7.50000000E-01    1.00000000E+00 

5    0
S    1    1.000000
   4.56324000E+03    1.96665000E-03 
S    1    1.000000
   6.82024000E+02    1.52306000E-02 
S    1    1.000000
   1.54973000E+02    7.61269000E-02 
S    1    1.000000
   4.44553000E+01    2.60801000E-01 
S    1    1.000000
   1.30290000E+01    6.16462000E-01 
S    1    1.000000
   1.82773000E+00    2.21006000E-01 
SP   3    1.000000
   2.09642000E+01    1.14660000E-01   4.02487000E-02 
   4.80331000E+00    9.19999000E-01   2.37594000E-01 
   1.45933000E+00   -3.03068000E-03   8.15854000E-01 
SP   1    1.000000
   4.83456000E-01    1.00000000E+00   1.00000000E+00 
SP   1    1.000000
   1.45585000E-01    1.00000000E+00   1.00000000E+00 
SP   1    1.000000
   4.38000000E-02    1.00000000E+00   1.00000000E+00 
SP   1    1.000000
   1.31927711E-02    1.00000000E+00   1.00000000E+00 
D    1    1.000000
   6.26000000E-01    1.00000000E+00 

6    0
S    1    1.000000
   8.58850000E+03    1.89515000E-03 
S    1    1.000000
   1.29723000E+03    1.43859000E-02 
S    1    1.000000
   2.99296000E+02    7.07320000E-02 
S    1    1.000000
   8.73771000E+01    2.40001000E-01 
S    1    1.000000
   2.56789000E+01    5.94797000E-01 
S    1    1.000000
   3.74004000E+00    2.80802000E-01 
SP   3    1.000000
   4.21175000E+01    1.13889000E-01   3.65114000E-02 
   9.62837000E+00    9.20811000E-01   2.37153000E-01 
   2.85332000E+00   -3.27447000E-03   8.19702000E-01 
SP   1    1.000000
   9.05661000E-01    1.00000000E+00   1.00000000E+00 
SP   1    1.000000
   2.55611000E-01    1.00000000E+00   1.00000000E+00 
SP   1    1.000000
   8.45000000E-02    1.00000000E+00   1.00000000E+00 
SP   1    1.000000
   2.54518072E-02    1.00000000E+00   1.00000000E+00 
D    1    1.000000
   1.29200000E+00    1.00000000E+00 

7    0
S    1    1.000000
   4.56324000E+03    1.96665000E-03 
S    1    1.000000
   6.82024000E+02    1.52306000E-02 
S    1    1.000000
   1.54973000E+02    7.61269000E-02 
S    1    1.000000
   4.44553000E+01    2.60801000E-01 
S    1    1.000000
   1.30290000E+01    6.16462000E-01 
S    1    1.000000
   1.82773000E+00    2.21006000E-01 
SP   3    1.000000
   2.09642000E+01    1.14660000E-01   4.02487000E-02 
   4.80331000E+00    9.19999000E-01   2.37594000E-01 
   1.45933000E+00   -3.03068000E-03   8.15854000E-01 
SP   1    1.000000
   4.83456000E-01    1.00000000E+00   1.00000000E+00 
SP   1    1.000000
   1.45585000E-01    1.00000000E+00   1.00000000E+00 
SP   1    1.000000
   4.38000000E-02    1.00000000E+00   1.00000000E+00 
SP   1    1.000000
   1.31927711E-02    1.00000000E+00   1.00000000E+00 
D    1    1.000000
   6.26000000E-01    1.00000000E+00 

8    0
S    1    1.000000
   8.58850000E+03    1.89515000E-03 
S    1    1.000000
   1.29723000E+03    1.43859000E-02 
S    1    1.000000
   2.99296000E+02    7.07320000E-02 
S    1    1.000000
   8.73771000E+01    2.40001000E-01 
S    1    1.000000
   2.56789000E+01    5.94797000E-01 
S    1    1.000000
   3.74004000E+00    2.80802000E-01 
SP   3    1.000000
   4.21175000E+01    1.13889000E-01   3.65114000E-02 
   9.62837000E+00    9.20811000E-01   2.37153000E-01 
   2.85332000E+00   -3.27447000E-03   8.19702000E-01 
SP   1    1.000000
   9.05661000E-01    1.00000000E+00   1.00000000E+00 
SP   1    1.000000
   2.55611000E-01    1.00000000E+00   1.00000000E+00 
SP   1    1.000000
   8.45000000E-02    1.00000000E+00   1.00000000E+00 
SP   1    1.000000
   2.54518072E-02    1.00000000E+00   1.00000000E+00 
D    1    1.000000
   1.29200000E+00    1.00000000E+00 

9    0
S    1    1.000000
   6.29348000E+03    1.96979000E-03 
S    1    1.000000
   9.49044000E+02    1.49613000E-02 
S    1    1.000000
   2.18776000E+02    7.35006000E-02 
S    1    1.000000
   6.36916000E+01    2.48937000E-01 
S    1    1.000000
   1.88282000E+01    6.02460000E-01 
S    1    1.000000
   2.72023000E+00    2.56202000E-01 
SP   3    1.000000
   3.06331000E+01    1.11906000E-01   3.83119000E-02 
   7.02614000E+00    9.21666000E-01   2.37403000E-01 
   2.11205000E+00   -2.56919000E-03   8.17592000E-01 
SP   1    1.000000
   6.84009000E-01    1.00000000E+00   1.00000000E+00 
SP   1    1.000000
   2.00878000E-01    1.00000000E+00   1.00000000E+00 
SP   1    1.000000
   6.39000000E-02    1.00000000E+00   1.00000000E+00 
SP   1    1.000000
   1.92469880E-02    1.00000000E+00   1.00000000E+00 
D    1    1.000000
   9.13000000E-01    1.00000000E+00 

10    0
S    1    1.000000
   6.29348000E+03    1.96979000E-03 
S    1    1.000000
   9.49044000E+02    1.49613000E-02 
S    1    1.000000
   2.18776000E+02    7.35006000E-02 
S    1    1.000000
   6.36916000E+01    2.48937000E-01 
S    1    1.000000
   1.88282000E+01    6.02460000E-01 
S    1    1.000000
   2.72023000E+00    2.56202000E-01 
SP   3    1.000000
   3.06331000E+01    1.11906000E-01   3.83119000E-02 
   7.02614000E+00    9.21666000E-01   2.37403000E-01 
   2.11205000E+00   -2.56919000E-03   8.17592000E-01 
SP   1    1.000000
   6.84009000E-01    1.00000000E+00   1.00000000E+00 
SP   1    1.000000
   2.00878000E-01    1.00000000E+00   1.00000000E+00 
SP   1    1.000000
   6.39000000E-02    1.00000000E+00   1.00000000E+00 
SP   1    1.000000
   1.92469880E-02    1.00000000E+00   1.00000000E+00 
D    1    1.000000
   9.13000000E-01    1.00000000E+00 

11    0
S    1    1.000000
   4.56324000E+03    1.96665000E-03 
S    1    1.000000
   6.82024000E+02    1.52306000E-02 
S    1    1.000000
   1.54973000E+02    7.61269000E-02 
S    1    1.000000
   4.44553000E+01    2.60801000E-01 
S    1    1.000000
   1.30290000E+01    6.16462000E-01 
S    1    1.000000
   1.82773000E+00    2.21006000E-01 
SP   3    1.000000
   2.09642000E+01    1.14660000E-01   4.02487000E-02 
   4.80331000E+00    9.19999000E-01   2.37594000E-01 
   1.45933000E+00   -3.03068000E-03   8.15854000E-01 
SP   1    1.000000
   4.83456000E-01    1.00000000E+00   1.00000000E+00 
SP   1    1.000000
   1.45585000E-01    1.00000000E+00   1.00000000E+00 
SP   1    1.000000
   4.38000000E-02    1.00000000E+00   1.00000000E+00 
SP   1    1.000000
   1.31927711E-02    1.00000000E+00   1.00000000E+00 
D    1    1.000000
   6.26000000E-01    1.00000000E+00 

12    0
S    3    1.000000
   3.38650000E+01    2.54938000E-02 
   5.09479000E+00    1.90373000E-01 
   1.15879000E+00    8.52161000E-01 
S    1    1.000000
   3.25840000E-01    1.00000000E+00 
S    1    1.000000
   1.02741000E-01    1.00000000E+00 
S    1    1.000000
   3.60000000E-02    1.00000000E+00 
P    1    1.000000
   7.50000000E-01    1.00000000E+00 

[MO]
Sym=X
Ene=0.001853
Spin=Alpha
Occup=1
1    0.000506529007
2    0.00392141588
3    0.0195613076
4    0.0671618513
5    0.158642167
6    0.0578218671
7    0.212509894
8    -0.000564901501
9    0.000108505893
10    -5.17148268e-16
11    0.000705352939
12    0.000410967069
13    -3.64540579e-05
14    -1.34571662e-15
15    0.000914615031
16    -0.000127138891
17    0.000669168936
18    -1.46718657e-15
19    -0.000263848745
20    -0.000298641317
21    0.000159619153
22    -6.34512665e-15
23    1.72368972e-05
24    0.000113910762
25    -0.000112275966
26    -5.77829455e-14
27    0.000137351553
28    7.48240028e-16
29    -0.000101188801
30    -2.19435913e-15
31    -1.30000275e-05
32    1.98048251e-05
33    -2.65211794e-05
34    0.000165150608
35    0.000127506354
36    1.77007389e-05
37    4.68790768e-06
38    1.71017894e-15
39    0.000164402164
40    0.000265927354
41    0.000203782793
42    0.000257047664
43    1.48631159e-05
44    0.000135757984
45    -2.5759466e-16
46    3.04703254e-05
47    4.84898808e-06
48    0.000212136391
49    -0.000157853831
50    -9.43753328e-06
51    -3.0990381e-05
52    2.09353328e-15
53    1.00085747e-07
54    8.05762125e-07
55    3.8009056e-06
56    1.38816372e-05
57    2.38772546e-05
58    -3.32842871e-05
59    6.65039374e-05
60    -1.5727148e-05
61    7.04397364e-06
62    6.21779369e-15
63    8.9456716e-05
64    4.8787528e-05
65    -3.18617593e-05
66    1.28412718e-14
67    0.000256846919
68    -0.000536234262
69    0.000290096057
70    1.11264682e-14
71    0.000760661612
72    -0.000190546337
73    7.22782006e-05
74    5.00435551e-15
75    -0.000194474492
76    -5.31616033e-05
77    -5.8505326e-05
78    5.36164166e-15
79    -4.88255413e-06
80    1.20750421e-15
81    5.77075524e-07
82    -1.15131813e-15
83    1.54448626e-05
84    -2.42205015e-09
85    1.73011968e-09
86    -1.37759306e-07
87    7.79913237e-08
88    -5.07616448e-06
89    -1.99202582e-05
90    1.06449283e-05
91    -1.98197502e-06
92    1.39993473e-06
93    4.58850085e-15
94    5.58966036e-05
95    2.45518157e-05
96    -1.15746405e-05
97    7.33169646e-15
98    -0.000255406808
99    -0.000125759887
100    8.54248118e-05
101    1.1371411e-14
102    -0.000934360025
103    -0.000229020479
104    8.70385014e-05
105    1.20990134e-14
106    -0.000758579458
107    -0.000100483911
108    0.000162078386
109    -1.21641335e-14
110    3.20769403e-06
111    -5.56196863e-16
112    1.09230056e-06
113    1.3328066e-15
114    1.45720132e-06
115    0.000925606313
116    0.00716558671
117    0.0357460015
118    0.122722968
119    0.289932396
120    0.105498888
121    0.388328011
122    -0.000612009103
123    0.000446699435
124    -1.3966066e-15
125    0.00122830913
126    0.000668681075
127    -5.99078555e-05
128    -3.1314083e-15
129    0.00156136216
130    -0.00049010085
131    5.20471696e-06
132    -5.14086742e-15
133    -0.00144803751
134    9.05200744e-08
135    0.00179232023
136    -1.29309899e-14
137    -0.000101508491
138    -0.00013980483
139    4.44298564e-06
140    -1.03937003e-14
141    0.000277555178
142    5.09374721e-16
143    -0.000192686146
144    -2.82838997e-15
145    4.464608e-05
146    -2.94829638e-07
147    -2.16811586e-06
148    -1.13272546e-05
149    -3.63628216e-05
150    -0.0001075264
151    -0.000147660668
152    -0.000160271564
153    -0.000173186707
154    -0.000120571421
155    -1.52500592e-15
156    0.000509566268
157    -0.000455394608
158    -0.000306186853
159    -4.97628562e-15
160    -0.000110285537
161    0.000152072315
162    9.5674169e-05
163    -4.07804815e-15
164    -9.37893023e-05
165    -9.85464674e-05
166    -0.000178914351
167    -5.96850589e-15
168    -0.0012717676
169    0.000387470263
170    -1.25542938e-07
171    -1.39798634e-14
172    0.000207240001
173    2.89818846e-16
174    -9.56905586e-05
175    1.98916712e-16
176    9.98503599e-05
177    -2.06728136e-07
178    -1.41609535e-06
179    -8.16565624e-06
180    -2.33957018e-05
181    -9.80935796e-05
182    -0.000218656015
183    -2.60703638e-05
184    4.49295105e-05
185    -3.30199355e-05
186    2.51689162e-15
187    0.000492025466
188    0.000549484045
189    -0.00027646606
190    7.28742099e-15
191    -3.24770984e-05
192    -9.6149258e-05
193    -5.2576049e-05
194    3.28405738e-15
195    -0.00120970353
196    -0.000690324573
197    -0.000167799589
198    1.01362713e-14
199    0.00048016867
200    0.000224457528
201    7.92957718e-05
202    -1.14984719e-14
203    -0.000210301862
204    -3.27266308e-16
205    -0.000103072143
206    -1.86762048e-15
207    0.000177941323
208    -1.09945315e-07
209    -7.41200702e-07
210    -4.37836154e-06
211    -1.22580536e-05
212    -5.52003871e-05
213    -0.000138565415
214    -8.35625041e-06
215    3.32928994e-05
216    -2.25843063e-05
217    2.60584085e-15
218    0.000347130384
219    0.000328035122
220    -0.000181695373
221    4.03064874e-15
222    -0.000145018786
223    -7.77947663e-05
224    8.87666095e-06
225    9.5238233e-15
226    -0.00080986879
227    4.39240906e-05
228    0.000151030014
229    -1.80149768e-15
230    0.000171774882
231    -0.0001789325
232    0.000248731206
233    2.56201283e-14
234    -0.000149414209
235    1.61546974e-15
236    -5.90774181e-05
237    -4.37821058e-16
238    6.81629067e-05
239    -0.000343335523
240    -0.00265811923
241    -0.0132588692
242    -0.0455273761
243    -0.107521549
244    -0.0393213991
245    -0.144056934
246    -1.33124404e-05
247    -3.10157889e-05
248    -2.39939612e-15
249    -0.00024463175
250    -3.4471813e-05
251    0.000405656
252    -4.28665591e-15
253    -0.0011101837
254    0.000559841958
255    -0.000536909439
256    -5.34032248e-15
257    0.00410191344
258    8.49348775e-05
259    0.000588630134
260    -4.22696515e-15
261    0.000336282239
262    -2.53341316e-05
263    0.000185751788
264    2.52353372e-14
265    8.33203877e-05
266    7.70266239e-17
267    3.44861975e-05
268    -7.68036148e-16
269    -0.000194286487
270    -8.51747023e-05
271    -5.42615351e-05
272    -0.000402714434
273    -5.41395985e-05
274    1.35157966e-05
275    5.59619294e-06
276    -2.02089338e-15
[5D]