[Molden Format]
[Atoms] (Angs)
  C      1    6     -0.00714236     -1.70213747     -0.00000000
  H      2    1     -2.06882847     -1.44022412      0.00000000
  H      3    1     -0.12337987     -2.77567521      0.00000000
  H      4    1      0.04651892      1.98813947     -0.00000000
  C      5    6     -1.21953563      0.40211669      0.00000000
  O      6    8     -2.25921553      1.03043814      0.00000000
  C      7    6      1.28797806      0.34644937     -0.00000000
  O      8    8      2.31273661      1.00537216     -0.00000000
  N      9    7      0.03446295      0.97739857     -0.00000000
  N     10    7     -1.17287765     -0.98229824      0.00000000
  C     11    6      1.20107039     -1.10433419     -0.00000000
  H     12    1      2.11220096     -1.67699125     -0.00000000
[GTO]
1    0
S    1    1.000000
   4.56324000E+03    1.96665000E-03 
S    1    1.000000
   6.82024000E+02    1.52306000E-02 
S    1    1.000000
   1.54973000E+02    7.61269000E-02 
S    1    1.000000
   4.44553000E+01    2.60801000E-01 
S    1    1.000000
   1.30290000E+01    6.16462000E-01 
S    1    1.000000
   1.82773000E+00    2.21006000E-01 
SP   3    1.000000
   2.09642000E+01    1.14660000E-01   4.02487000E-02 
   4.80331000E+00    9.19999000E-01   2.37594000E-01 
   1.45933000E+00   -3.03068000E-03   8.15854000E-01 
SP   1    1.000000
   4.83456000E-01    1.00000000E+00   1.00000000E+00 
SP   1    1.000000
   1.45585000E-01    1.00000000E+00   1.00000000E+00 
SP   1    1.000000
   4.38000000E-02    1.00000000E+00   1.00000000E+00 
SP   1    1.000000
   1.31927711E-02    1.00000000E+00   1.00000000E+00 
D    1    1.000000
   6.26000000E-01    1.00000000E+00 

2    0
S    3    1.000000
   3.38650000E+01    2.54938000E-02 
   5.09479000E+00    1.90373000E-01 
   1.15879000E+00    8.52161000E-01 
S    1    1.000000
   3.25840000E-01    1.00000000E+00 
S    1    1.000000
   1.02741000E-01    1.00000000E+00 
S    1    1.000000
   3.60000000E-02    1.00000000E+00 
P    1    1.000000
   7.50000000E-01    1.00000000E+00 

3    0
S    3    1.000000
   3.38650000E+01    2.54938000E-02 
   5.09479000E+00    1.90373000E-01 
   1.15879000E+00    8.52161000E-01 
S    1    1.000000
   3.25840000E-01    1.00000000E+00 
S    1    1.000000
   1.02741000E-01    1.00000000E+00 
S    1    1.000000
   3.60000000E-02    1.00000000E+00 
P    1    1.000000
   7.50000000E-01    1.00000000E+00 

4    0
S    3    1.000000
   3.38650000E+01    2.54938000E-02 
   5.09479000E+00    1.90373000E-01 
   1.15879000E+00    8.52161000E-01 
S    1    1.000000
   3.25840000E-01    1.00000000E+00 
S    1    1.000000
   1.02741000E-01    1.00000000E+00 
S    1    1.000000
   3.60000000E-02    1.00000000E+00 
P    1    1.000000
   7.50000000E-01    1.00000000E+00 

5    0
S    1    1.000000
   4.56324000E+03    1.96665000E-03 
S    1    1.000000
   6.82024000E+02    1.52306000E-02 
S    1    1.000000
   1.54973000E+02    7.61269000E-02 
S    1    1.000000
   4.44553000E+01    2.60801000E-01 
S    1    1.000000
   1.30290000E+01    6.16462000E-01 
S    1    1.000000
   1.82773000E+00    2.21006000E-01 
SP   3    1.000000
   2.09642000E+01    1.14660000E-01   4.02487000E-02 
   4.80331000E+00    9.19999000E-01   2.37594000E-01 
   1.45933000E+00   -3.03068000E-03   8.15854000E-01 
SP   1    1.000000
   4.83456000E-01    1.00000000E+00   1.00000000E+00 
SP   1    1.000000
   1.45585000E-01    1.00000000E+00   1.00000000E+00 
SP   1    1.000000
   4.38000000E-02    1.00000000E+00   1.00000000E+00 
SP   1    1.000000
   1.31927711E-02    1.00000000E+00   1.00000000E+00 
D    1    1.000000
   6.26000000E-01    1.00000000E+00 

6    0
S    1    1.000000
   8.58850000E+03    1.89515000E-03 
S    1    1.000000
   1.29723000E+03    1.43859000E-02 
S    1    1.000000
   2.99296000E+02    7.07320000E-02 
S    1    1.000000
   8.73771000E+01    2.40001000E-01 
S    1    1.000000
   2.56789000E+01    5.94797000E-01 
S    1    1.000000
   3.74004000E+00    2.80802000E-01 
SP   3    1.000000
   4.21175000E+01    1.13889000E-01   3.65114000E-02 
   9.62837000E+00    9.20811000E-01   2.37153000E-01 
   2.85332000E+00   -3.27447000E-03   8.19702000E-01 
SP   1    1.000000
   9.05661000E-01    1.00000000E+00   1.00000000E+00 
SP   1    1.000000
   2.55611000E-01    1.00000000E+00   1.00000000E+00 
SP   1    1.000000
   8.45000000E-02    1.00000000E+00   1.00000000E+00 
SP   1    1.000000
   2.54518072E-02    1.00000000E+00   1.00000000E+00 
D    1    1.000000
   1.29200000E+00    1.00000000E+00 

7    0
S    1    1.000000
   4.56324000E+03    1.96665000E-03 
S    1    1.000000
   6.82024000E+02    1.52306000E-02 
S    1    1.000000
   1.54973000E+02    7.61269000E-02 
S    1    1.000000
   4.44553000E+01    2.60801000E-01 
S    1    1.000000
   1.30290000E+01    6.16462000E-01 
S    1    1.000000
   1.82773000E+00    2.21006000E-01 
SP   3    1.000000
   2.09642000E+01    1.14660000E-01   4.02487000E-02 
   4.80331000E+00    9.19999000E-01   2.37594000E-01 
   1.45933000E+00   -3.03068000E-03   8.15854000E-01 
SP   1    1.000000
   4.83456000E-01    1.00000000E+00   1.00000000E+00 
SP   1    1.000000
   1.45585000E-01    1.00000000E+00   1.00000000E+00 
SP   1    1.000000
   4.38000000E-02    1.00000000E+00   1.00000000E+00 
SP   1    1.000000
   1.31927711E-02    1.00000000E+00   1.00000000E+00 
D    1    1.000000
   6.26000000E-01    1.00000000E+00 

8    0
S    1    1.000000
   8.58850000E+03    1.89515000E-03 
S    1    1.000000
   1.29723000E+03    1.43859000E-02 
S    1    1.000000
   2.99296000E+02    7.07320000E-02 
S    1    1.000000
   8.73771000E+01    2.40001000E-01 
S    1    1.000000
   2.56789000E+01    5.94797000E-01 
S    1    1.000000
   3.74004000E+00    2.80802000E-01 
SP   3    1.000000
   4.21175000E+01    1.13889000E-01   3.65114000E-02 
   9.62837000E+00    9.20811000E-01   2.37153000E-01 
   2.85332000E+00   -3.27447000E-03   8.19702000E-01 
SP   1    1.000000
   9.05661000E-01    1.00000000E+00   1.00000000E+00 
SP   1    1.000000
   2.55611000E-01    1.00000000E+00   1.00000000E+00 
SP   1    1.000000
   8.45000000E-02    1.00000000E+00   1.00000000E+00 
SP   1    1.000000
   2.54518072E-02    1.00000000E+00   1.00000000E+00 
D    1    1.000000
   1.29200000E+00    1.00000000E+00 

9    0
S    1    1.000000
   6.29348000E+03    1.96979000E-03 
S    1    1.000000
   9.49044000E+02    1.49613000E-02 
S    1    1.000000
   2.18776000E+02    7.35006000E-02 
S    1    1.000000
   6.36916000E+01    2.48937000E-01 
S    1    1.000000
   1.88282000E+01    6.02460000E-01 
S    1    1.000000
   2.72023000E+00    2.56202000E-01 
SP   3    1.000000
   3.06331000E+01    1.11906000E-01   3.83119000E-02 
   7.02614000E+00    9.21666000E-01   2.37403000E-01 
   2.11205000E+00   -2.56919000E-03   8.17592000E-01 
SP   1    1.000000
   6.84009000E-01    1.00000000E+00   1.00000000E+00 
SP   1    1.000000
   2.00878000E-01    1.00000000E+00   1.00000000E+00 
SP   1    1.000000
   6.39000000E-02    1.00000000E+00   1.00000000E+00 
SP   1    1.000000
   1.92469880E-02    1.00000000E+00   1.00000000E+00 
D    1    1.000000
   9.13000000E-01    1.00000000E+00 

10    0
S    1    1.000000
   6.29348000E+03    1.96979000E-03 
S    1    1.000000
   9.49044000E+02    1.49613000E-02 
S    1    1.000000
   2.18776000E+02    7.35006000E-02 
S    1    1.000000
   6.36916000E+01    2.48937000E-01 
S    1    1.000000
   1.88282000E+01    6.02460000E-01 
S    1    1.000000
   2.72023000E+00    2.56202000E-01 
SP   3    1.000000
   3.06331000E+01    1.11906000E-01   3.83119000E-02 
   7.02614000E+00    9.21666000E-01   2.37403000E-01 
   2.11205000E+00   -2.56919000E-03   8.17592000E-01 
SP   1    1.000000
   6.84009000E-01    1.00000000E+00   1.00000000E+00 
SP   1    1.000000
   2.00878000E-01    1.00000000E+00   1.00000000E+00 
SP   1    1.000000
   6.39000000E-02    1.00000000E+00   1.00000000E+00 
SP   1    1.000000
   1.92469880E-02    1.00000000E+00   1.00000000E+00 
D    1    1.000000
   9.13000000E-01    1.00000000E+00 

11    0
S    1    1.000000
   4.56324000E+03    1.96665000E-03 
S    1    1.000000
   6.82024000E+02    1.52306000E-02 
S    1    1.000000
   1.54973000E+02    7.61269000E-02 
S    1    1.000000
   4.44553000E+01    2.60801000E-01 
S    1    1.000000
   1.30290000E+01    6.16462000E-01 
S    1    1.000000
   1.82773000E+00    2.21006000E-01 
SP   3    1.000000
   2.09642000E+01    1.14660000E-01   4.02487000E-02 
   4.80331000E+00    9.19999000E-01   2.37594000E-01 
   1.45933000E+00   -3.03068000E-03   8.15854000E-01 
SP   1    1.000000
   4.83456000E-01    1.00000000E+00   1.00000000E+00 
SP   1    1.000000
   1.45585000E-01    1.00000000E+00   1.00000000E+00 
SP   1    1.000000
   4.38000000E-02    1.00000000E+00   1.00000000E+00 
SP   1    1.000000
   1.31927711E-02    1.00000000E+00   1.00000000E+00 
D    1    1.000000
   6.26000000E-01    1.00000000E+00 

12    0
S    3    1.000000
   3.38650000E+01    2.54938000E-02 
   5.09479000E+00    1.90373000E-01 
   1.15879000E+00    8.52161000E-01 
S    1    1.000000
   3.25840000E-01    1.00000000E+00 
S    1    1.000000
   1.02741000E-01    1.00000000E+00 
S    1    1.000000
   3.60000000E-02    1.00000000E+00 
P    1    1.000000
   7.50000000E-01    1.00000000E+00 

[MO]
Sym=X
Ene=0.000228
Spin=Alpha
Occup=1
1    0.000160759538
2    0.00124448605
3    0.00620827822
4    0.0213132498
5    0.0503604155
6    0.0183080656
7    0.0673498042
8    -4.71985963e-05
9    0.000107039426
10    6.38874713e-16
11    0.000744836779
12    0.000704253467
13    0.000301462826
14    -1.72944086e-15
15    -0.000715999959
16    -0.000340579694
17    -0.000382959025
18    6.38293637e-17
19    -0.00285687508
20    -0.000223750054
21    -0.00138611386
22    5.38451718e-14
23    -0.000205482955
24    5.04492478e-05
25    -0.000324865439
26    -9.36879147e-14
27    0.000348937209
28    -2.7869718e-17
29    -5.45756158e-05
30    -4.69901067e-16
31    0.000206035783
32    1.54645472e-05
33    4.25066793e-05
34    0.000182978736
35    0.000404088392
36    2.16690263e-05
37    -3.55907317e-06
38    9.99803169e-16
39    8.11351e-05
40    0.000164823089
41    -0.000348872009
42    -0.000592250472
43    6.52990053e-05
44    0.000114272955
45    1.06402631e-16
46    2.84184006e-05
47    4.97125154e-05
48    0.000112831031
49    0.000166371838
50    7.71438032e-07
51    -2.178735e-05
52    -7.32995824e-16
53    1.85914227e-05
54    0.000143964583
55    0.000717898909
56    0.0024657821
57    0.00581478449
58    0.00207017123
59    0.00782671628
60    -9.93908513e-07
61    -1.19184912e-06
62    1.65580185e-15
63    0.000139838792
64    2.14927893e-05
65    -1.71621757e-05
66    3.03029977e-16
67    -0.000501705479
68    -0.000725700154
69    0.000389167717
70    4.20887181e-15
71    0.000414711637
72    -0.000299617192
73    -9.49432258e-05
74    7.81189635e-14
75    -6.30461064e-05
76    -0.000116491687
77    1.95427151e-05
78    6.47029393e-14
79    -1.87783173e-06
80    -2.02658058e-16
81    5.93655878e-06
82    -8.54701868e-16
83    1.5630186e-05
84    -6.35337629e-09
85    -3.00269877e-08
86    -2.82689498e-07
87    -4.63633956e-07
88    -5.91275022e-06
89    -1.94435737e-05
90    6.64153482e-06
91    1.18571309e-07
92    -8.58525665e-07
93    7.46648569e-16
94    5.51508465e-05
95    3.32143214e-05
96    -1.44881687e-05
97    2.24320647e-15
98    -0.000213739811
99    -0.000105023542
100    6.55441828e-05
101    2.75039286e-15
102    -0.000971585552
103    -0.00023812115
104    0.000122117687
105    -3.08078373e-15
106    -0.000414980381
107    2.55075323e-05
108    0.000194290112
109    -3.4048479e-14
110    -2.59257174e-06
111    -2.87445966e-17
112    -1.92798132e-07
113    4.66624024e-16
114    4.52241266e-06
115    0.00046772477
116    0.00362091809
117    0.0180629062
118    0.0620138679
119    0.14649567
120    0.053176043
121    0.196219786
122    -0.000316622215
123    0.000140099547
124    -2.85303291e-15
125    0.00119768277
126    0.000302263781
127    -0.000688875315
128    -1.25756885e-15
129    0.000131303337
130    0.000320873631
131    0.000980451225
132    -1.14969406e-14
133    -0.00263590834
134    0.000800341911
135    0.00199266699
136    6.64052255e-14
137    -0.000370907046
138    -0.00016170397
139    7.5718973e-06
140    -4.54636389e-14
141    0.000199131964
142    -2.14369748e-16
143    -0.000173261763
144    -3.2910068e-16
145    -0.000343974279
146    -9.80575263e-08
147    -6.69458491e-07
148    -3.9091041e-06
149    -1.11662697e-05
150    -4.69019531e-05
151    -0.000105832666
152    -3.17120479e-05
153    -7.9715412e-05
154    -3.65118913e-05
155    -9.02296074e-16
156    0.000336735606
157    -0.000277592904
158    -0.000198571249
159    -4.79526912e-15
160    -0.000274132257
161    0.000210987335
162    5.12760778e-05
163    -4.89527303e-16
164    -0.000932467968
165    7.91957512e-05
166    -3.69792952e-05
167    -1.22093827e-14
168    -0.00256797924
169    0.000578219702
170    0.00011479533
171    -5.54828258e-15
172    0.000134227882
173    4.72118606e-16
174    -5.00105116e-05
175    3.81110814e-16
176    2.49029266e-05
177    -1.33524572e-07
178    -8.90957309e-07
179    -5.31255268e-06
180    -1.45937371e-05
181    -6.81294703e-05
182    -0.000160059208
183    3.93877114e-06
184    -3.70187382e-06
185    -3.21225485e-06
186    1.37898272e-15
187    0.00030542331
188    0.0003611424
189    -0.000182665846
190    -4.92554573e-15
191    0.000284304427
192    -0.000247804973
193    -0.00026134164
194    1.46437241e-14
195    6.54017024e-05
196    -0.00062443407
197    -0.000353641179
198    -5.48739833e-14
199    0.0009476463
200    0.000758307005
201    -0.000154383131
202    -4.34127402e-14
203    -0.000139858458
204    1.61885588e-16
205    -5.84950869e-05
206    -4.16653831e-16
207    0.000110469817
208    -1.0931505e-07
209    -7.44752639e-07
210    -4.29497459e-06
211    -1.21791461e-05
212    -5.213507e-05
213    -0.000108595644
214    8.66069275e-07
215    -1.69814471e-05
216    2.40679436e-06
217    2.60617474e-15
218    0.000188660322
219    0.000203369275
220    -8.73123332e-05
221    -3.35733298e-15
222    0.000249763324
223    0.000126648135
224    0.000193931177
225    1.53112685e-14
226    0.000729780532
227    0.000504118359
228    0.000320958289
229    -5.3934799e-14
230    0.000734001606
231    -1.76570834e-05
232    0.000363877222
233    3.19706763e-15
234    -7.60469382e-05
235    1.3237423e-16
236    -3.2781038e-05
237    -1.2554426e-16
238    5.59525052e-05
239    0.000992495228
240    0.00768359999
241    0.0383283125
242    0.131598535
243    0.310870712
244    0.113687785
245    0.416085874
246    -0.00018519086
247    0.000234386074
248    3.132699e-17
249    0.0017813961
250    -4.14648337e-05
251    5.91964862e-05
252    -4.85014285e-15
253    0.00146461807
254    -0.000605144967
255    0.000388737829
256    6.63894686e-15
257    0.00676342714
258    -0.00100830618
259    0.00140983726
260    -7.40504191e-14
261    0.000466735445
262    0.000103888524
263    0.00033765651
264    9.38280502e-14
265    9.92944163e-05
266    -1.47896269e-16
267    -8.71366336e-05
268    -3.14330129e-16
269    -2.28117488e-05
270    0.000352776177
271    0.000445525665
272    0.000126231487
273    0.000491635191
274    -0.000266412251
275    0.000165556515
276    -7.89334175e-16
[5D]