[Molden Format]
[Atoms] (Angs)
  C      1    6     -0.00714236     -1.70213747     -0.00000000
  H      2    1     -2.06882847     -1.44022412      0.00000000
  H      3    1     -0.12337987     -2.77567521      0.00000000
  H      4    1      0.04651892      1.98813947     -0.00000000
  C      5    6     -1.21953563      0.40211669      0.00000000
  O      6    8     -2.25921553      1.03043814      0.00000000
  C      7    6      1.28797806      0.34644937     -0.00000000
  O      8    8      2.31273661      1.00537216     -0.00000000
  N      9    7      0.03446295      0.97739857     -0.00000000
  N     10    7     -1.17287765     -0.98229824      0.00000000
  C     11    6      1.20107039     -1.10433419     -0.00000000
  H     12    1      2.11220096     -1.67699125     -0.00000000
[GTO]
1    0
S    1    1.000000
   4.56324000E+03    1.96665000E-03 
S    1    1.000000
   6.82024000E+02    1.52306000E-02 
S    1    1.000000
   1.54973000E+02    7.61269000E-02 
S    1    1.000000
   4.44553000E+01    2.60801000E-01 
S    1    1.000000
   1.30290000E+01    6.16462000E-01 
S    1    1.000000
   1.82773000E+00    2.21006000E-01 
SP   3    1.000000
   2.09642000E+01    1.14660000E-01   4.02487000E-02 
   4.80331000E+00    9.19999000E-01   2.37594000E-01 
   1.45933000E+00   -3.03068000E-03   8.15854000E-01 
SP   1    1.000000
   4.83456000E-01    1.00000000E+00   1.00000000E+00 
SP   1    1.000000
   1.45585000E-01    1.00000000E+00   1.00000000E+00 
SP   1    1.000000
   4.38000000E-02    1.00000000E+00   1.00000000E+00 
SP   1    1.000000
   1.31927711E-02    1.00000000E+00   1.00000000E+00 
D    1    1.000000
   6.26000000E-01    1.00000000E+00 

2    0
S    3    1.000000
   3.38650000E+01    2.54938000E-02 
   5.09479000E+00    1.90373000E-01 
   1.15879000E+00    8.52161000E-01 
S    1    1.000000
   3.25840000E-01    1.00000000E+00 
S    1    1.000000
   1.02741000E-01    1.00000000E+00 
S    1    1.000000
   3.60000000E-02    1.00000000E+00 
P    1    1.000000
   7.50000000E-01    1.00000000E+00 

3    0
S    3    1.000000
   3.38650000E+01    2.54938000E-02 
   5.09479000E+00    1.90373000E-01 
   1.15879000E+00    8.52161000E-01 
S    1    1.000000
   3.25840000E-01    1.00000000E+00 
S    1    1.000000
   1.02741000E-01    1.00000000E+00 
S    1    1.000000
   3.60000000E-02    1.00000000E+00 
P    1    1.000000
   7.50000000E-01    1.00000000E+00 

4    0
S    3    1.000000
   3.38650000E+01    2.54938000E-02 
   5.09479000E+00    1.90373000E-01 
   1.15879000E+00    8.52161000E-01 
S    1    1.000000
   3.25840000E-01    1.00000000E+00 
S    1    1.000000
   1.02741000E-01    1.00000000E+00 
S    1    1.000000
   3.60000000E-02    1.00000000E+00 
P    1    1.000000
   7.50000000E-01    1.00000000E+00 

5    0
S    1    1.000000
   4.56324000E+03    1.96665000E-03 
S    1    1.000000
   6.82024000E+02    1.52306000E-02 
S    1    1.000000
   1.54973000E+02    7.61269000E-02 
S    1    1.000000
   4.44553000E+01    2.60801000E-01 
S    1    1.000000
   1.30290000E+01    6.16462000E-01 
S    1    1.000000
   1.82773000E+00    2.21006000E-01 
SP   3    1.000000
   2.09642000E+01    1.14660000E-01   4.02487000E-02 
   4.80331000E+00    9.19999000E-01   2.37594000E-01 
   1.45933000E+00   -3.03068000E-03   8.15854000E-01 
SP   1    1.000000
   4.83456000E-01    1.00000000E+00   1.00000000E+00 
SP   1    1.000000
   1.45585000E-01    1.00000000E+00   1.00000000E+00 
SP   1    1.000000
   4.38000000E-02    1.00000000E+00   1.00000000E+00 
SP   1    1.000000
   1.31927711E-02    1.00000000E+00   1.00000000E+00 
D    1    1.000000
   6.26000000E-01    1.00000000E+00 

6    0
S    1    1.000000
   8.58850000E+03    1.89515000E-03 
S    1    1.000000
   1.29723000E+03    1.43859000E-02 
S    1    1.000000
   2.99296000E+02    7.07320000E-02 
S    1    1.000000
   8.73771000E+01    2.40001000E-01 
S    1    1.000000
   2.56789000E+01    5.94797000E-01 
S    1    1.000000
   3.74004000E+00    2.80802000E-01 
SP   3    1.000000
   4.21175000E+01    1.13889000E-01   3.65114000E-02 
   9.62837000E+00    9.20811000E-01   2.37153000E-01 
   2.85332000E+00   -3.27447000E-03   8.19702000E-01 
SP   1    1.000000
   9.05661000E-01    1.00000000E+00   1.00000000E+00 
SP   1    1.000000
   2.55611000E-01    1.00000000E+00   1.00000000E+00 
SP   1    1.000000
   8.45000000E-02    1.00000000E+00   1.00000000E+00 
SP   1    1.000000
   2.54518072E-02    1.00000000E+00   1.00000000E+00 
D    1    1.000000
   1.29200000E+00    1.00000000E+00 

7    0
S    1    1.000000
   4.56324000E+03    1.96665000E-03 
S    1    1.000000
   6.82024000E+02    1.52306000E-02 
S    1    1.000000
   1.54973000E+02    7.61269000E-02 
S    1    1.000000
   4.44553000E+01    2.60801000E-01 
S    1    1.000000
   1.30290000E+01    6.16462000E-01 
S    1    1.000000
   1.82773000E+00    2.21006000E-01 
SP   3    1.000000
   2.09642000E+01    1.14660000E-01   4.02487000E-02 
   4.80331000E+00    9.19999000E-01   2.37594000E-01 
   1.45933000E+00   -3.03068000E-03   8.15854000E-01 
SP   1    1.000000
   4.83456000E-01    1.00000000E+00   1.00000000E+00 
SP   1    1.000000
   1.45585000E-01    1.00000000E+00   1.00000000E+00 
SP   1    1.000000
   4.38000000E-02    1.00000000E+00   1.00000000E+00 
SP   1    1.000000
   1.31927711E-02    1.00000000E+00   1.00000000E+00 
D    1    1.000000
   6.26000000E-01    1.00000000E+00 

8    0
S    1    1.000000
   8.58850000E+03    1.89515000E-03 
S    1    1.000000
   1.29723000E+03    1.43859000E-02 
S    1    1.000000
   2.99296000E+02    7.07320000E-02 
S    1    1.000000
   8.73771000E+01    2.40001000E-01 
S    1    1.000000
   2.56789000E+01    5.94797000E-01 
S    1    1.000000
   3.74004000E+00    2.80802000E-01 
SP   3    1.000000
   4.21175000E+01    1.13889000E-01   3.65114000E-02 
   9.62837000E+00    9.20811000E-01   2.37153000E-01 
   2.85332000E+00   -3.27447000E-03   8.19702000E-01 
SP   1    1.000000
   9.05661000E-01    1.00000000E+00   1.00000000E+00 
SP   1    1.000000
   2.55611000E-01    1.00000000E+00   1.00000000E+00 
SP   1    1.000000
   8.45000000E-02    1.00000000E+00   1.00000000E+00 
SP   1    1.000000
   2.54518072E-02    1.00000000E+00   1.00000000E+00 
D    1    1.000000
   1.29200000E+00    1.00000000E+00 

9    0
S    1    1.000000
   6.29348000E+03    1.96979000E-03 
S    1    1.000000
   9.49044000E+02    1.49613000E-02 
S    1    1.000000
   2.18776000E+02    7.35006000E-02 
S    1    1.000000
   6.36916000E+01    2.48937000E-01 
S    1    1.000000
   1.88282000E+01    6.02460000E-01 
S    1    1.000000
   2.72023000E+00    2.56202000E-01 
SP   3    1.000000
   3.06331000E+01    1.11906000E-01   3.83119000E-02 
   7.02614000E+00    9.21666000E-01   2.37403000E-01 
   2.11205000E+00   -2.56919000E-03   8.17592000E-01 
SP   1    1.000000
   6.84009000E-01    1.00000000E+00   1.00000000E+00 
SP   1    1.000000
   2.00878000E-01    1.00000000E+00   1.00000000E+00 
SP   1    1.000000
   6.39000000E-02    1.00000000E+00   1.00000000E+00 
SP   1    1.000000
   1.92469880E-02    1.00000000E+00   1.00000000E+00 
D    1    1.000000
   9.13000000E-01    1.00000000E+00 

10    0
S    1    1.000000
   6.29348000E+03    1.96979000E-03 
S    1    1.000000
   9.49044000E+02    1.49613000E-02 
S    1    1.000000
   2.18776000E+02    7.35006000E-02 
S    1    1.000000
   6.36916000E+01    2.48937000E-01 
S    1    1.000000
   1.88282000E+01    6.02460000E-01 
S    1    1.000000
   2.72023000E+00    2.56202000E-01 
SP   3    1.000000
   3.06331000E+01    1.11906000E-01   3.83119000E-02 
   7.02614000E+00    9.21666000E-01   2.37403000E-01 
   2.11205000E+00   -2.56919000E-03   8.17592000E-01 
SP   1    1.000000
   6.84009000E-01    1.00000000E+00   1.00000000E+00 
SP   1    1.000000
   2.00878000E-01    1.00000000E+00   1.00000000E+00 
SP   1    1.000000
   6.39000000E-02    1.00000000E+00   1.00000000E+00 
SP   1    1.000000
   1.92469880E-02    1.00000000E+00   1.00000000E+00 
D    1    1.000000
   9.13000000E-01    1.00000000E+00 

11    0
S    1    1.000000
   4.56324000E+03    1.96665000E-03 
S    1    1.000000
   6.82024000E+02    1.52306000E-02 
S    1    1.000000
   1.54973000E+02    7.61269000E-02 
S    1    1.000000
   4.44553000E+01    2.60801000E-01 
S    1    1.000000
   1.30290000E+01    6.16462000E-01 
S    1    1.000000
   1.82773000E+00    2.21006000E-01 
SP   3    1.000000
   2.09642000E+01    1.14660000E-01   4.02487000E-02 
   4.80331000E+00    9.19999000E-01   2.37594000E-01 
   1.45933000E+00   -3.03068000E-03   8.15854000E-01 
SP   1    1.000000
   4.83456000E-01    1.00000000E+00   1.00000000E+00 
SP   1    1.000000
   1.45585000E-01    1.00000000E+00   1.00000000E+00 
SP   1    1.000000
   4.38000000E-02    1.00000000E+00   1.00000000E+00 
SP   1    1.000000
   1.31927711E-02    1.00000000E+00   1.00000000E+00 
D    1    1.000000
   6.26000000E-01    1.00000000E+00 

12    0
S    3    1.000000
   3.38650000E+01    2.54938000E-02 
   5.09479000E+00    1.90373000E-01 
   1.15879000E+00    8.52161000E-01 
S    1    1.000000
   3.25840000E-01    1.00000000E+00 
S    1    1.000000
   1.02741000E-01    1.00000000E+00 
S    1    1.000000
   3.60000000E-02    1.00000000E+00 
P    1    1.000000
   7.50000000E-01    1.00000000E+00 

[MO]
Sym=X
Ene=0.004549
Spin=Alpha
Occup=1
1    -7.80999396e-06
2    -6.04144363e-05
3    -0.000301693986
4    -0.00103446534
5    -0.00245640771
6    -0.000935897213
7    -0.0032360658
8    -2.83041869e-05
9    -2.68140613e-05
10    8.06984155e-16
11    3.22871473e-05
12    3.40941054e-05
13    5.91612579e-05
14    -1.85424919e-15
15    5.86267531e-05
16    -5.323923e-05
17    0.000188434373
18    4.91280921e-15
19    -0.00149606294
20    -1.44501912e-05
21    -0.000472786288
22    -3.76997544e-14
23    4.38329433e-05
24    0.000101210581
25    -0.000177716204
26    -4.40516586e-14
27    3.18521765e-05
28    6.8329022e-16
29    4.61152694e-06
30    6.1777987e-16
31    -1.69764051e-05
32    8.11070433e-06
33    -4.70621007e-05
34    0.000196865446
35    0.000274721394
36    -2.38325231e-06
37    -4.70798557e-06
38    -8.24294368e-16
39    -7.37701621e-06
40    7.59938289e-05
41    1.78141996e-05
42    4.51661271e-05
43    8.28220831e-06
44    7.25652051e-06
45    2.75669734e-16
46    3.12681618e-05
47    4.4558453e-05
48    0.000128631917
49    -0.000266493123
50    -1.27521073e-05
51    -3.88647542e-05
52    4.53562269e-16
53    -3.63044944e-05
54    -0.000281025129
55    -0.00140210185
56    -0.00481300257
57    -0.0113780301
58    -0.0041700375
59    -0.015211283
60    -3.79001549e-05
61    1.23995099e-05
62    -1.60396552e-15
63    9.28731524e-06
64    7.39615844e-05
65    -1.0885653e-05
66    2.64340149e-16
67    -6.22295653e-06
68    -0.000412310969
69    0.000192362233
70    -4.75933251e-15
71    0.000566372373
72    -7.46038364e-05
73    -0.000266038836
74    -3.47398522e-14
75    -0.000464535319
76    -0.00017484835
77    -6.68704866e-05
78    -1.69990606e-14
79    1.40968563e-05
80    4.95380639e-16
81    8.60472281e-06
82    9.29724818e-16
83    3.79183203e-05
84    1.00062809e-08
85    8.45701063e-08
86    3.59207223e-07
87    1.44568507e-06
88    1.29056248e-06
89    -5.57607577e-06
90    1.21220196e-05
91    -7.61269921e-06
92    4.97312951e-06
93    -6.68836556e-16
94    1.34159378e-05
95    1.17167691e-07
96    9.85223932e-06
97    -1.17317526e-15
98    -0.00015053233
99    -6.61484076e-05
100    5.50065697e-05
101    -3.96173425e-15
102    -0.000678365241
103    -0.000223223797
104    5.28598863e-05
105    3.83747143e-15
106    -0.00015569016
107    4.87694796e-05
108    0.00018778975
109    -9.86022542e-15
110    1.28585646e-05
111    7.14878064e-16
112    4.99822348e-06
113    -1.54982904e-16
114    8.20223397e-07
115    0.00109862238
116    0.00850496863
117    0.0424277377
118    0.145661962
119    0.344130536
120    0.125220533
121    0.460894545
122    -0.00073241445
123    0.000497793297
124    2.58770789e-15
125    0.00153234896
126    0.000804080078
127    -0.000152491255
128    5.06786842e-15
129    0.00159245245
130    -0.000369062927
131    0.000280422946
132    5.87310415e-15
133    -0.00217780739
134    5.60840846e-05
135    0.00227180121
136    -4.38231856e-14
137    -0.000233640084
138    -0.000282302548
139    4.91813534e-05
140    4.19838648e-15
141    0.000323628493
142    2.47115646e-16
143    -0.000242147058
144    2.13460997e-16
145    -1.48804175e-06
146    -3.66898301e-07
147    -2.69360035e-06
148    -1.40960335e-05
149    -4.5144131e-05
150    -0.000134921468
151    -0.000186803864
152    -0.000191704218
153    -0.000204247913
154    -0.000139144541
155    2.06337924e-15
156    0.000624751042
157    -0.00054614602
158    -0.000362083806
159    2.39495355e-15
160    -0.000231732896
161    0.00020736147
162    0.000112074867
163    2.67785338e-15
164    -0.000225303755
165    -9.34551125e-05
166    -0.000196932635
167    1.44209693e-14
168    -0.00193816545
169    0.000535517092
170    4.65795132e-05
171    -6.51682996e-15
172    0.000250246169
173    -3.11031092e-16
174    -0.000113257807
175    -4.68507302e-16
176    0.000116231284
177    -2.4371066e-07
178    -1.68398873e-06
179    -9.58906698e-06
180    -2.7859125e-05
181    -0.000112653512
182    -0.000243087383
183    -3.76506436e-05
184    5.01271611e-05
185    -3.8895573e-05
186    -3.19738237e-16
187    0.000539336494
188    0.000696005903
189    -0.000310710793
190    5.5012799e-15
191    1.35660863e-05
192    -0.000139081115
193    -0.000124686254
194    -7.69012777e-15
195    -0.00131823646
196    -0.000987032987
197    1.99635001e-05
198    3.5749255e-14
199    0.000324049496
200    0.000568839324
201    0.000117601287
202    1.93793402e-14
203    -0.000268555145
204    -1.20603754e-16
205    -0.000118635457
206    8.83740169e-16
207    0.0002047904
208    3.89939718e-08
209    3.22591085e-07
210    1.40012843e-06
211    5.46885378e-06
212    6.87048815e-06
213    -1.65078814e-05
214    3.30860842e-05
215    -4.02156339e-06
216    -5.16961507e-06
217    -2.13535228e-15
218    3.85470892e-05
219    1.03146251e-05
220    -5.00400338e-06
221    1.74889039e-17
222    -4.92175532e-05
223    -4.91974133e-05
224    1.46102062e-05
225    -7.95923985e-15
226    2.81157888e-06
227    0.000394188281
228    4.55277018e-05
229    1.73399219e-14
230    0.000651194152
231    -2.15687315e-05
232    0.00030702205
233    4.72005073e-14
234    -2.36517749e-06
235    2.29495481e-16
236    1.99022828e-06
237    1.49684655e-16
238    5.82823959e-08
239    -0.000150941819
240    -0.00116859342
241    -0.00582908206
242    -0.0200154621
243    -0.0472742329
244    -0.0173260872
245    -0.0633310152
246    2.43687963e-05
247    5.71709252e-05
248    1.31401684e-15
249    3.64457005e-05
250    8.30591942e-05
251    0.000504939732
252    3.18430884e-15
253    -0.000451753307
254    0.000158774017
255    -0.000353507203
256    7.36249838e-17
257    0.00549232426
258    -0.000150633982
259    0.00129935238
260    4.25962786e-14
261    0.000584343088
262    8.30135994e-05
263    0.000333116724
264    2.19411724e-14
265    2.36595355e-05
266    8.24323458e-16
267    -9.16646663e-06
268    5.6009446e-17
269    -0.000293384031
270    -2.77703529e-05
271    2.60851247e-05
272    -0.000214880373
273    0.000204929622
274    1.68095783e-06
275    5.00891346e-05
276    6.22322928e-16
[5D]