[Molden Format]
[Atoms] (Angs)
  C      1    6     -0.00714236     -1.70213747     -0.00000000
  H      2    1     -2.06882847     -1.44022412      0.00000000
  H      3    1     -0.12337987     -2.77567521      0.00000000
  H      4    1      0.04651892      1.98813947     -0.00000000
  C      5    6     -1.21953563      0.40211669      0.00000000
  O      6    8     -2.25921553      1.03043814      0.00000000
  C      7    6      1.28797806      0.34644937     -0.00000000
  O      8    8      2.31273661      1.00537216     -0.00000000
  N      9    7      0.03446295      0.97739857     -0.00000000
  N     10    7     -1.17287765     -0.98229824      0.00000000
  C     11    6      1.20107039     -1.10433419     -0.00000000
  H     12    1      2.11220096     -1.67699125     -0.00000000
[GTO]
1    0
S    1    1.000000
   4.56324000E+03    1.96665000E-03 
S    1    1.000000
   6.82024000E+02    1.52306000E-02 
S    1    1.000000
   1.54973000E+02    7.61269000E-02 
S    1    1.000000
   4.44553000E+01    2.60801000E-01 
S    1    1.000000
   1.30290000E+01    6.16462000E-01 
S    1    1.000000
   1.82773000E+00    2.21006000E-01 
SP   3    1.000000
   2.09642000E+01    1.14660000E-01   4.02487000E-02 
   4.80331000E+00    9.19999000E-01   2.37594000E-01 
   1.45933000E+00   -3.03068000E-03   8.15854000E-01 
SP   1    1.000000
   4.83456000E-01    1.00000000E+00   1.00000000E+00 
SP   1    1.000000
   1.45585000E-01    1.00000000E+00   1.00000000E+00 
SP   1    1.000000
   4.38000000E-02    1.00000000E+00   1.00000000E+00 
SP   1    1.000000
   1.31927711E-02    1.00000000E+00   1.00000000E+00 
D    1    1.000000
   6.26000000E-01    1.00000000E+00 

2    0
S    3    1.000000
   3.38650000E+01    2.54938000E-02 
   5.09479000E+00    1.90373000E-01 
   1.15879000E+00    8.52161000E-01 
S    1    1.000000
   3.25840000E-01    1.00000000E+00 
S    1    1.000000
   1.02741000E-01    1.00000000E+00 
S    1    1.000000
   3.60000000E-02    1.00000000E+00 
P    1    1.000000
   7.50000000E-01    1.00000000E+00 

3    0
S    3    1.000000
   3.38650000E+01    2.54938000E-02 
   5.09479000E+00    1.90373000E-01 
   1.15879000E+00    8.52161000E-01 
S    1    1.000000
   3.25840000E-01    1.00000000E+00 
S    1    1.000000
   1.02741000E-01    1.00000000E+00 
S    1    1.000000
   3.60000000E-02    1.00000000E+00 
P    1    1.000000
   7.50000000E-01    1.00000000E+00 

4    0
S    3    1.000000
   3.38650000E+01    2.54938000E-02 
   5.09479000E+00    1.90373000E-01 
   1.15879000E+00    8.52161000E-01 
S    1    1.000000
   3.25840000E-01    1.00000000E+00 
S    1    1.000000
   1.02741000E-01    1.00000000E+00 
S    1    1.000000
   3.60000000E-02    1.00000000E+00 
P    1    1.000000
   7.50000000E-01    1.00000000E+00 

5    0
S    1    1.000000
   4.56324000E+03    1.96665000E-03 
S    1    1.000000
   6.82024000E+02    1.52306000E-02 
S    1    1.000000
   1.54973000E+02    7.61269000E-02 
S    1    1.000000
   4.44553000E+01    2.60801000E-01 
S    1    1.000000
   1.30290000E+01    6.16462000E-01 
S    1    1.000000
   1.82773000E+00    2.21006000E-01 
SP   3    1.000000
   2.09642000E+01    1.14660000E-01   4.02487000E-02 
   4.80331000E+00    9.19999000E-01   2.37594000E-01 
   1.45933000E+00   -3.03068000E-03   8.15854000E-01 
SP   1    1.000000
   4.83456000E-01    1.00000000E+00   1.00000000E+00 
SP   1    1.000000
   1.45585000E-01    1.00000000E+00   1.00000000E+00 
SP   1    1.000000
   4.38000000E-02    1.00000000E+00   1.00000000E+00 
SP   1    1.000000
   1.31927711E-02    1.00000000E+00   1.00000000E+00 
D    1    1.000000
   6.26000000E-01    1.00000000E+00 

6    0
S    1    1.000000
   8.58850000E+03    1.89515000E-03 
S    1    1.000000
   1.29723000E+03    1.43859000E-02 
S    1    1.000000
   2.99296000E+02    7.07320000E-02 
S    1    1.000000
   8.73771000E+01    2.40001000E-01 
S    1    1.000000
   2.56789000E+01    5.94797000E-01 
S    1    1.000000
   3.74004000E+00    2.80802000E-01 
SP   3    1.000000
   4.21175000E+01    1.13889000E-01   3.65114000E-02 
   9.62837000E+00    9.20811000E-01   2.37153000E-01 
   2.85332000E+00   -3.27447000E-03   8.19702000E-01 
SP   1    1.000000
   9.05661000E-01    1.00000000E+00   1.00000000E+00 
SP   1    1.000000
   2.55611000E-01    1.00000000E+00   1.00000000E+00 
SP   1    1.000000
   8.45000000E-02    1.00000000E+00   1.00000000E+00 
SP   1    1.000000
   2.54518072E-02    1.00000000E+00   1.00000000E+00 
D    1    1.000000
   1.29200000E+00    1.00000000E+00 

7    0
S    1    1.000000
   4.56324000E+03    1.96665000E-03 
S    1    1.000000
   6.82024000E+02    1.52306000E-02 
S    1    1.000000
   1.54973000E+02    7.61269000E-02 
S    1    1.000000
   4.44553000E+01    2.60801000E-01 
S    1    1.000000
   1.30290000E+01    6.16462000E-01 
S    1    1.000000
   1.82773000E+00    2.21006000E-01 
SP   3    1.000000
   2.09642000E+01    1.14660000E-01   4.02487000E-02 
   4.80331000E+00    9.19999000E-01   2.37594000E-01 
   1.45933000E+00   -3.03068000E-03   8.15854000E-01 
SP   1    1.000000
   4.83456000E-01    1.00000000E+00   1.00000000E+00 
SP   1    1.000000
   1.45585000E-01    1.00000000E+00   1.00000000E+00 
SP   1    1.000000
   4.38000000E-02    1.00000000E+00   1.00000000E+00 
SP   1    1.000000
   1.31927711E-02    1.00000000E+00   1.00000000E+00 
D    1    1.000000
   6.26000000E-01    1.00000000E+00 

8    0
S    1    1.000000
   8.58850000E+03    1.89515000E-03 
S    1    1.000000
   1.29723000E+03    1.43859000E-02 
S    1    1.000000
   2.99296000E+02    7.07320000E-02 
S    1    1.000000
   8.73771000E+01    2.40001000E-01 
S    1    1.000000
   2.56789000E+01    5.94797000E-01 
S    1    1.000000
   3.74004000E+00    2.80802000E-01 
SP   3    1.000000
   4.21175000E+01    1.13889000E-01   3.65114000E-02 
   9.62837000E+00    9.20811000E-01   2.37153000E-01 
   2.85332000E+00   -3.27447000E-03   8.19702000E-01 
SP   1    1.000000
   9.05661000E-01    1.00000000E+00   1.00000000E+00 
SP   1    1.000000
   2.55611000E-01    1.00000000E+00   1.00000000E+00 
SP   1    1.000000
   8.45000000E-02    1.00000000E+00   1.00000000E+00 
SP   1    1.000000
   2.54518072E-02    1.00000000E+00   1.00000000E+00 
D    1    1.000000
   1.29200000E+00    1.00000000E+00 

9    0
S    1    1.000000
   6.29348000E+03    1.96979000E-03 
S    1    1.000000
   9.49044000E+02    1.49613000E-02 
S    1    1.000000
   2.18776000E+02    7.35006000E-02 
S    1    1.000000
   6.36916000E+01    2.48937000E-01 
S    1    1.000000
   1.88282000E+01    6.02460000E-01 
S    1    1.000000
   2.72023000E+00    2.56202000E-01 
SP   3    1.000000
   3.06331000E+01    1.11906000E-01   3.83119000E-02 
   7.02614000E+00    9.21666000E-01   2.37403000E-01 
   2.11205000E+00   -2.56919000E-03   8.17592000E-01 
SP   1    1.000000
   6.84009000E-01    1.00000000E+00   1.00000000E+00 
SP   1    1.000000
   2.00878000E-01    1.00000000E+00   1.00000000E+00 
SP   1    1.000000
   6.39000000E-02    1.00000000E+00   1.00000000E+00 
SP   1    1.000000
   1.92469880E-02    1.00000000E+00   1.00000000E+00 
D    1    1.000000
   9.13000000E-01    1.00000000E+00 

10    0
S    1    1.000000
   6.29348000E+03    1.96979000E-03 
S    1    1.000000
   9.49044000E+02    1.49613000E-02 
S    1    1.000000
   2.18776000E+02    7.35006000E-02 
S    1    1.000000
   6.36916000E+01    2.48937000E-01 
S    1    1.000000
   1.88282000E+01    6.02460000E-01 
S    1    1.000000
   2.72023000E+00    2.56202000E-01 
SP   3    1.000000
   3.06331000E+01    1.11906000E-01   3.83119000E-02 
   7.02614000E+00    9.21666000E-01   2.37403000E-01 
   2.11205000E+00   -2.56919000E-03   8.17592000E-01 
SP   1    1.000000
   6.84009000E-01    1.00000000E+00   1.00000000E+00 
SP   1    1.000000
   2.00878000E-01    1.00000000E+00   1.00000000E+00 
SP   1    1.000000
   6.39000000E-02    1.00000000E+00   1.00000000E+00 
SP   1    1.000000
   1.92469880E-02    1.00000000E+00   1.00000000E+00 
D    1    1.000000
   9.13000000E-01    1.00000000E+00 

11    0
S    1    1.000000
   4.56324000E+03    1.96665000E-03 
S    1    1.000000
   6.82024000E+02    1.52306000E-02 
S    1    1.000000
   1.54973000E+02    7.61269000E-02 
S    1    1.000000
   4.44553000E+01    2.60801000E-01 
S    1    1.000000
   1.30290000E+01    6.16462000E-01 
S    1    1.000000
   1.82773000E+00    2.21006000E-01 
SP   3    1.000000
   2.09642000E+01    1.14660000E-01   4.02487000E-02 
   4.80331000E+00    9.19999000E-01   2.37594000E-01 
   1.45933000E+00   -3.03068000E-03   8.15854000E-01 
SP   1    1.000000
   4.83456000E-01    1.00000000E+00   1.00000000E+00 
SP   1    1.000000
   1.45585000E-01    1.00000000E+00   1.00000000E+00 
SP   1    1.000000
   4.38000000E-02    1.00000000E+00   1.00000000E+00 
SP   1    1.000000
   1.31927711E-02    1.00000000E+00   1.00000000E+00 
D    1    1.000000
   6.26000000E-01    1.00000000E+00 

12    0
S    3    1.000000
   3.38650000E+01    2.54938000E-02 
   5.09479000E+00    1.90373000E-01 
   1.15879000E+00    8.52161000E-01 
S    1    1.000000
   3.25840000E-01    1.00000000E+00 
S    1    1.000000
   1.02741000E-01    1.00000000E+00 
S    1    1.000000
   3.60000000E-02    1.00000000E+00 
P    1    1.000000
   7.50000000E-01    1.00000000E+00 

[MO]
Sym=X
Ene=0.801506
Spin=Alpha
Occup=1
1    0.00110934084
2    0.00858810644
3    0.0428410643
4    0.147087102
5    0.347464021
6    0.126702183
7    0.465297989
8    -0.00111425251
9    0.000315368313
10    -8.80586891e-16
11    0.00167358148
12    0.0010646098
13    -6.3628595e-05
14    2.3409822e-15
15    0.00147534693
16    -0.000303559387
17    0.000856372886
18    -8.59091297e-15
19    0.000890634291
20    -0.000704943088
21    0.000559061422
22    8.72880029e-14
23    -0.000153364377
24    7.57771258e-05
25    -3.16326602e-05
26    -6.37583391e-14
27    0.000365851459
28    -3.28565738e-16
29    -0.000237690842
30    7.68899762e-17
31    9.01671569e-05
32    2.90278844e-05
33    5.14787226e-05
34    3.74450992e-05
35    -0.0001006344
36    4.67024013e-05
37    1.54371086e-05
38    -2.41438518e-16
39    0.00038027242
40    0.000464027996
41    0.000238693559
42    0.000134296399
43    4.19241722e-05
44    0.00030817232
45    -1.37844134e-16
46    1.24669896e-05
47    -5.70114234e-05
48    0.000241790665
49    0.00025349405
50    5.61743108e-06
51    4.69547e-06
52    7.07167619e-16
53    2.7179876e-08
54    2.42030531e-07
55    9.83418479e-07
56    4.22355438e-06
57    7.93707136e-07
58    -4.38095614e-05
59    3.6484939e-05
60    -5.11673784e-06
61    2.13239357e-05
62    2.25784937e-15
63    0.000109661817
64    1.90328767e-05
65    -8.44066408e-05
66    2.2023063e-16
67    0.000229306677
68    -0.000634974149
69    0.000400236962
70    4.78649155e-15
71    0.00067540551
72    -0.000319874913
73    0.000576963306
74    9.94762002e-14
75    0.000505555338
76    0.000175286255
77    7.96382249e-06
78    7.99808732e-14
79    -1.81724557e-05
80    5.01984501e-16
81    4.01353562e-06
82    -6.95724478e-16
83    -4.46064469e-05
84    -2.44719281e-09
85    7.34435601e-09
86    -1.51880104e-07
87    1.8550526e-07
88    -6.36011942e-06
89    -2.58053837e-05
90    1.43325258e-05
91    -4.18005548e-06
92    1.92993572e-06
93    1.52571427e-15
94    6.99233863e-05
95    2.64827783e-05
96    -2.59837337e-05
97    1.46463246e-15
98    -0.000304858687
99    -0.000157256288
100    8.71759559e-05
101    6.86060027e-15
102    -0.00102711685
103    -0.000161421557
104    0.000137670157
105    -7.76557579e-15
106    -0.00135557947
107    -0.000275600423
108    4.7201046e-05
109    -2.66488415e-14
110    -2.33241815e-06
111    -7.76783439e-16
112    7.1214237e-07
113    4.73661413e-16
114    -5.42536549e-06
115    2.75044324e-08
116    2.64895571e-07
117    9.47987629e-07
118    4.71454822e-06
119    -2.53645061e-06
120    -5.31935024e-05
121    4.53969734e-05
122    7.06959119e-06
123    2.61673066e-05
124    2.08012192e-16
125    9.32683306e-05
126    -3.06702994e-05
127    -0.000117383734
128    3.37940388e-16
129    0.000217981148
130    -0.00019445275
131    -0.000124928607
132    -4.24767081e-15
133    -0.000144880008
134    0.000252690862
135    0.000232053417
136    1.00301945e-13
137    4.18027151e-05
138    0.000191060477
139    -7.20381799e-05
140    -3.27640921e-14
141    3.57661585e-05
142    -1.52434773e-16
143    -6.09644599e-06
144    -3.44508729e-16
145    -5.03068656e-05
146    -5.02213141e-10
147    -5.43548125e-09
148    -1.56414541e-08
149    -9.40945723e-08
150    2.36946585e-07
151    1.8977488e-06
152    -1.64112746e-06
153    7.03784764e-07
154    2.52804022e-06
155    5.20788073e-16
156    -7.71772328e-06
157    -7.40631115e-06
158    -2.04217537e-05
159    -2.80842997e-15
160    0.000109861603
161    4.5497571e-08
162    3.24708247e-07
163    7.09581219e-15
164    -0.0001041299
165    -6.4502734e-06
166    -1.47804817e-05
167    -1.92592646e-14
168    2.30965642e-05
169    1.21982626e-05
170    -4.87240698e-05
171    3.81585566e-15
172    4.26023209e-06
173    -7.36567583e-17
174    -1.31512514e-06
175    -2.74235832e-16
176    -6.54712673e-06
177    5.63247433e-10
178    4.37512574e-08
179    -6.93695055e-08
180    8.59219733e-07
181    -7.8352496e-06
182    -3.65473307e-05
183    2.34523199e-05
184    2.60637636e-07
185    7.99104512e-06
186    2.3793186e-15
187    6.98408969e-05
188    -5.31039513e-06
189    -3.03787073e-05
190    -3.98125209e-15
191    3.03768349e-05
192    -4.7833164e-05
193    2.22398296e-05
194    1.99455017e-14
195    8.17568459e-05
196    0.000170000514
197    -0.000541518812
198    -6.74774826e-14
199    0.000752070377
200    -0.000298658735
201    -0.000125873959
202    -6.74656925e-14
203    6.20394172e-06
204    -2.34577434e-16
205    -2.83690728e-06
206    -4.04224339e-16
207    6.27045457e-06
208    -2.79309004e-07
209    -1.95396049e-06
210    -1.09383019e-05
211    -3.24670793e-05
212    -0.000125167531
213    -0.000273668987
214    -5.55549731e-05
215    6.7743764e-05
216    -4.07099012e-05
217    2.95058959e-15
218    0.00067213988
219    0.000732494929
220    -0.00044375368
221    -6.73932524e-15
222    -9.43957386e-05
223    -1.74239114e-05
224    8.1679047e-05
225    2.25376536e-14
226    -0.00132032448
227    -0.000454015659
228    0.000368655397
229    -6.92557701e-14
230    -0.000583976515
231    -0.000320219489
232    5.46756341e-05
233    -2.73565448e-14
234    -0.000328300538
235    5.44589595e-17
236    -0.000130217794
237    1.67460725e-16
238    0.000183047491
239    -5.45975803e-06
240    -4.24217733e-05
241    -0.00021064012
242    -0.000727715669
243    -0.0016796758
244    -0.000541300487
245    -0.00243627675
246    -0.000149540422
247    -7.44344167e-05
248    2.98014076e-16
249    0.000160183852
250    -0.000238949626
251    -0.000105307785
252    -2.617672e-15
253    -0.000810582347
254    0.000597278335
255    -0.00026824921
256    1.06025313e-14
257    0.00111815149
258    -1.90428478e-05
259    -0.000637622742
260    -9.85141358e-14
261    -0.000222086275
262    -0.000170702702
263    -0.000109714723
264    6.73048093e-14
265    0.000163648533
266    4.61480988e-16
267    5.14537318e-05
268    -6.59299917e-16
269    0.000149134009
270    2.37753903e-05
271    1.97916667e-05
272    -0.000361564899
273    -0.000287304531
274    -8.40658913e-05
275    -1.56674157e-05
276    -6.61100803e-16
[5D]