[Molden Format]
[Atoms] (Angs)
  C      1    6     -0.00714236     -1.70213747     -0.00000000
  H      2    1     -2.06882847     -1.44022412      0.00000000
  H      3    1     -0.12337987     -2.77567521      0.00000000
  H      4    1      0.04651892      1.98813947     -0.00000000
  C      5    6     -1.21953563      0.40211669      0.00000000
  O      6    8     -2.25921553      1.03043814      0.00000000
  C      7    6      1.28797806      0.34644937     -0.00000000
  O      8    8      2.31273661      1.00537216     -0.00000000
  N      9    7      0.03446295      0.97739857     -0.00000000
  N     10    7     -1.17287765     -0.98229824      0.00000000
  C     11    6      1.20107039     -1.10433419     -0.00000000
  H     12    1      2.11220096     -1.67699125     -0.00000000
[GTO]
1    0
S    1    1.000000
   4.56324000E+03    1.96665000E-03 
S    1    1.000000
   6.82024000E+02    1.52306000E-02 
S    1    1.000000
   1.54973000E+02    7.61269000E-02 
S    1    1.000000
   4.44553000E+01    2.60801000E-01 
S    1    1.000000
   1.30290000E+01    6.16462000E-01 
S    1    1.000000
   1.82773000E+00    2.21006000E-01 
SP   3    1.000000
   2.09642000E+01    1.14660000E-01   4.02487000E-02 
   4.80331000E+00    9.19999000E-01   2.37594000E-01 
   1.45933000E+00   -3.03068000E-03   8.15854000E-01 
SP   1    1.000000
   4.83456000E-01    1.00000000E+00   1.00000000E+00 
SP   1    1.000000
   1.45585000E-01    1.00000000E+00   1.00000000E+00 
SP   1    1.000000
   4.38000000E-02    1.00000000E+00   1.00000000E+00 
SP   1    1.000000
   1.31927711E-02    1.00000000E+00   1.00000000E+00 
D    1    1.000000
   6.26000000E-01    1.00000000E+00 

2    0
S    3    1.000000
   3.38650000E+01    2.54938000E-02 
   5.09479000E+00    1.90373000E-01 
   1.15879000E+00    8.52161000E-01 
S    1    1.000000
   3.25840000E-01    1.00000000E+00 
S    1    1.000000
   1.02741000E-01    1.00000000E+00 
S    1    1.000000
   3.60000000E-02    1.00000000E+00 
P    1    1.000000
   7.50000000E-01    1.00000000E+00 

3    0
S    3    1.000000
   3.38650000E+01    2.54938000E-02 
   5.09479000E+00    1.90373000E-01 
   1.15879000E+00    8.52161000E-01 
S    1    1.000000
   3.25840000E-01    1.00000000E+00 
S    1    1.000000
   1.02741000E-01    1.00000000E+00 
S    1    1.000000
   3.60000000E-02    1.00000000E+00 
P    1    1.000000
   7.50000000E-01    1.00000000E+00 

4    0
S    3    1.000000
   3.38650000E+01    2.54938000E-02 
   5.09479000E+00    1.90373000E-01 
   1.15879000E+00    8.52161000E-01 
S    1    1.000000
   3.25840000E-01    1.00000000E+00 
S    1    1.000000
   1.02741000E-01    1.00000000E+00 
S    1    1.000000
   3.60000000E-02    1.00000000E+00 
P    1    1.000000
   7.50000000E-01    1.00000000E+00 

5    0
S    1    1.000000
   4.56324000E+03    1.96665000E-03 
S    1    1.000000
   6.82024000E+02    1.52306000E-02 
S    1    1.000000
   1.54973000E+02    7.61269000E-02 
S    1    1.000000
   4.44553000E+01    2.60801000E-01 
S    1    1.000000
   1.30290000E+01    6.16462000E-01 
S    1    1.000000
   1.82773000E+00    2.21006000E-01 
SP   3    1.000000
   2.09642000E+01    1.14660000E-01   4.02487000E-02 
   4.80331000E+00    9.19999000E-01   2.37594000E-01 
   1.45933000E+00   -3.03068000E-03   8.15854000E-01 
SP   1    1.000000
   4.83456000E-01    1.00000000E+00   1.00000000E+00 
SP   1    1.000000
   1.45585000E-01    1.00000000E+00   1.00000000E+00 
SP   1    1.000000
   4.38000000E-02    1.00000000E+00   1.00000000E+00 
SP   1    1.000000
   1.31927711E-02    1.00000000E+00   1.00000000E+00 
D    1    1.000000
   6.26000000E-01    1.00000000E+00 

6    0
S    1    1.000000
   8.58850000E+03    1.89515000E-03 
S    1    1.000000
   1.29723000E+03    1.43859000E-02 
S    1    1.000000
   2.99296000E+02    7.07320000E-02 
S    1    1.000000
   8.73771000E+01    2.40001000E-01 
S    1    1.000000
   2.56789000E+01    5.94797000E-01 
S    1    1.000000
   3.74004000E+00    2.80802000E-01 
SP   3    1.000000
   4.21175000E+01    1.13889000E-01   3.65114000E-02 
   9.62837000E+00    9.20811000E-01   2.37153000E-01 
   2.85332000E+00   -3.27447000E-03   8.19702000E-01 
SP   1    1.000000
   9.05661000E-01    1.00000000E+00   1.00000000E+00 
SP   1    1.000000
   2.55611000E-01    1.00000000E+00   1.00000000E+00 
SP   1    1.000000
   8.45000000E-02    1.00000000E+00   1.00000000E+00 
SP   1    1.000000
   2.54518072E-02    1.00000000E+00   1.00000000E+00 
D    1    1.000000
   1.29200000E+00    1.00000000E+00 

7    0
S    1    1.000000
   4.56324000E+03    1.96665000E-03 
S    1    1.000000
   6.82024000E+02    1.52306000E-02 
S    1    1.000000
   1.54973000E+02    7.61269000E-02 
S    1    1.000000
   4.44553000E+01    2.60801000E-01 
S    1    1.000000
   1.30290000E+01    6.16462000E-01 
S    1    1.000000
   1.82773000E+00    2.21006000E-01 
SP   3    1.000000
   2.09642000E+01    1.14660000E-01   4.02487000E-02 
   4.80331000E+00    9.19999000E-01   2.37594000E-01 
   1.45933000E+00   -3.03068000E-03   8.15854000E-01 
SP   1    1.000000
   4.83456000E-01    1.00000000E+00   1.00000000E+00 
SP   1    1.000000
   1.45585000E-01    1.00000000E+00   1.00000000E+00 
SP   1    1.000000
   4.38000000E-02    1.00000000E+00   1.00000000E+00 
SP   1    1.000000
   1.31927711E-02    1.00000000E+00   1.00000000E+00 
D    1    1.000000
   6.26000000E-01    1.00000000E+00 

8    0
S    1    1.000000
   8.58850000E+03    1.89515000E-03 
S    1    1.000000
   1.29723000E+03    1.43859000E-02 
S    1    1.000000
   2.99296000E+02    7.07320000E-02 
S    1    1.000000
   8.73771000E+01    2.40001000E-01 
S    1    1.000000
   2.56789000E+01    5.94797000E-01 
S    1    1.000000
   3.74004000E+00    2.80802000E-01 
SP   3    1.000000
   4.21175000E+01    1.13889000E-01   3.65114000E-02 
   9.62837000E+00    9.20811000E-01   2.37153000E-01 
   2.85332000E+00   -3.27447000E-03   8.19702000E-01 
SP   1    1.000000
   9.05661000E-01    1.00000000E+00   1.00000000E+00 
SP   1    1.000000
   2.55611000E-01    1.00000000E+00   1.00000000E+00 
SP   1    1.000000
   8.45000000E-02    1.00000000E+00   1.00000000E+00 
SP   1    1.000000
   2.54518072E-02    1.00000000E+00   1.00000000E+00 
D    1    1.000000
   1.29200000E+00    1.00000000E+00 

9    0
S    1    1.000000
   6.29348000E+03    1.96979000E-03 
S    1    1.000000
   9.49044000E+02    1.49613000E-02 
S    1    1.000000
   2.18776000E+02    7.35006000E-02 
S    1    1.000000
   6.36916000E+01    2.48937000E-01 
S    1    1.000000
   1.88282000E+01    6.02460000E-01 
S    1    1.000000
   2.72023000E+00    2.56202000E-01 
SP   3    1.000000
   3.06331000E+01    1.11906000E-01   3.83119000E-02 
   7.02614000E+00    9.21666000E-01   2.37403000E-01 
   2.11205000E+00   -2.56919000E-03   8.17592000E-01 
SP   1    1.000000
   6.84009000E-01    1.00000000E+00   1.00000000E+00 
SP   1    1.000000
   2.00878000E-01    1.00000000E+00   1.00000000E+00 
SP   1    1.000000
   6.39000000E-02    1.00000000E+00   1.00000000E+00 
SP   1    1.000000
   1.92469880E-02    1.00000000E+00   1.00000000E+00 
D    1    1.000000
   9.13000000E-01    1.00000000E+00 

10    0
S    1    1.000000
   6.29348000E+03    1.96979000E-03 
S    1    1.000000
   9.49044000E+02    1.49613000E-02 
S    1    1.000000
   2.18776000E+02    7.35006000E-02 
S    1    1.000000
   6.36916000E+01    2.48937000E-01 
S    1    1.000000
   1.88282000E+01    6.02460000E-01 
S    1    1.000000
   2.72023000E+00    2.56202000E-01 
SP   3    1.000000
   3.06331000E+01    1.11906000E-01   3.83119000E-02 
   7.02614000E+00    9.21666000E-01   2.37403000E-01 
   2.11205000E+00   -2.56919000E-03   8.17592000E-01 
SP   1    1.000000
   6.84009000E-01    1.00000000E+00   1.00000000E+00 
SP   1    1.000000
   2.00878000E-01    1.00000000E+00   1.00000000E+00 
SP   1    1.000000
   6.39000000E-02    1.00000000E+00   1.00000000E+00 
SP   1    1.000000
   1.92469880E-02    1.00000000E+00   1.00000000E+00 
D    1    1.000000
   9.13000000E-01    1.00000000E+00 

11    0
S    1    1.000000
   4.56324000E+03    1.96665000E-03 
S    1    1.000000
   6.82024000E+02    1.52306000E-02 
S    1    1.000000
   1.54973000E+02    7.61269000E-02 
S    1    1.000000
   4.44553000E+01    2.60801000E-01 
S    1    1.000000
   1.30290000E+01    6.16462000E-01 
S    1    1.000000
   1.82773000E+00    2.21006000E-01 
SP   3    1.000000
   2.09642000E+01    1.14660000E-01   4.02487000E-02 
   4.80331000E+00    9.19999000E-01   2.37594000E-01 
   1.45933000E+00   -3.03068000E-03   8.15854000E-01 
SP   1    1.000000
   4.83456000E-01    1.00000000E+00   1.00000000E+00 
SP   1    1.000000
   1.45585000E-01    1.00000000E+00   1.00000000E+00 
SP   1    1.000000
   4.38000000E-02    1.00000000E+00   1.00000000E+00 
SP   1    1.000000
   1.31927711E-02    1.00000000E+00   1.00000000E+00 
D    1    1.000000
   6.26000000E-01    1.00000000E+00 

12    0
S    3    1.000000
   3.38650000E+01    2.54938000E-02 
   5.09479000E+00    1.90373000E-01 
   1.15879000E+00    8.52161000E-01 
S    1    1.000000
   3.25840000E-01    1.00000000E+00 
S    1    1.000000
   1.02741000E-01    1.00000000E+00 
S    1    1.000000
   3.60000000E-02    1.00000000E+00 
P    1    1.000000
   7.50000000E-01    1.00000000E+00 

[MO]
Sym=X
Ene=0.000163
Spin=Alpha
Occup=1
1    -0.00106849694
2    -0.00827190753
3    -0.0412637182
4    -0.141671517
5    -0.334670516
6    -0.122020828
7    -0.448160758
8    0.00106083778
9    -0.000309419593
10    5.80933554e-16
11    -0.00170183314
12    -0.0011218454
13    2.37942515e-07
14    -1.60959227e-15
15    -0.001279778
16    0.000349891961
17    -0.000775401445
18    7.21448727e-15
19    -0.000128275876
20    0.000699550612
21    -0.000224351381
22    -8.43808483e-14
23    0.00016845437
24    -9.60198354e-05
25    0.000113355176
26    8.26706105e-14
27    -0.000406295459
28    1.91434006e-16
29    0.000231620449
30    -1.03813161e-16
31    -0.000115451824
32    -3.14538175e-05
33    -4.72131711e-05
34    -9.96117515e-05
35    -1.97784632e-05
36    -4.72745967e-05
37    -1.32452788e-05
38    2.05251052e-16
39    -0.000369757151
40    -0.00047673325
41    -0.000170684668
42    -4.23729861e-05
43    -5.14836987e-05
44    -0.000309882991
45    6.53110515e-17
46    -2.19916953e-05
47    3.74947898e-05
48    -0.000267730952
49    -0.00021874919
50    -3.15019105e-06
51    6.18335164e-06
52    -6.28846472e-16
53    -2.77303706e-06
54    -2.1507986e-05
55    -0.000107006743
56    -0.000368470347
57    -0.0008589012
58    -0.000258095765
59    -0.00119470708
60    8.08033822e-06
61    -1.95724706e-05
62    -2.12412428e-15
63    -0.00013650101
64    -3.03114972e-05
65    8.15058701e-05
66    -3.00329865e-16
67    -0.000140654285
68    0.000785581908
69    -0.000472432215
70    -4.40717234e-15
71    -0.000799650649
72    0.000366664953
73    -0.000483475588
74    -1.00137727e-13
75    -0.000380185792
76    -0.000115260669
77    3.96051225e-07
78    -8.26260759e-14
79    1.64594969e-05
80    -5.23464243e-16
81    -4.92385522e-06
82    6.29589539e-16
83    3.19509813e-05
84    3.69865181e-09
85    -1.26808752e-09
86    2.07098744e-07
87    -9.14882214e-08
88    7.48666591e-06
89    2.94146516e-05
90    -1.5570985e-05
91    4.08713375e-06
92    -1.84608982e-06
93    -1.44238333e-15
94    -8.0365758e-05
95    -3.32733244e-05
96    2.68404952e-05
97    -1.54391235e-15
98    0.000349318332
99    0.000177919659
100    -0.000103053255
101    -6.20636401e-15
102    0.00124228859
103    0.000228100734
104    -0.00015781085
105    7.1351159e-15
106    0.001374917
107    0.000247377726
108    -0.000109465503
109    3.22312062e-14
110    1.68122942e-06
111    6.10033956e-16
112    -8.75415178e-07
113    -4.97410636e-16
114    3.53433676e-06
115    -0.000268126926
116    -0.00207575508
117    -0.0103546676
118    -0.0355509043
119    -0.0839748708
120    -0.030485861
121    -0.112516612
122    0.000172771929
123    -0.00013437405
124    -1.9467417e-16
125    -0.000550782443
126    -0.000160514287
127    0.000249316042
128    -1.02624795e-15
129    -0.000505004128
130    0.000192946744
131    -9.19721495e-05
132    4.83648375e-15
133    0.000927870219
134    -0.000375807611
135    -0.000935324265
136    -9.77728656e-14
137    5.87345798e-05
138    -0.000103360136
139    5.86726071e-05
140    3.74304094e-14
141    -0.000122549434
142    1.33921303e-16
143    7.62345738e-05
144    3.38993887e-16
145    0.000103447513
146    1.6546573e-07
147    1.23068051e-06
148    6.28186976e-06
149    2.05730375e-05
150    5.76859136e-05
151    6.08123069e-05
152    7.84977133e-05
153    4.78663634e-05
154    2.77925868e-05
155    -7.13416569e-16
156    -0.000156522092
157    0.000147772705
158    0.000114858233
159    2.99357454e-15
160    -1.75167978e-05
161    -7.10251881e-05
162    -2.85489063e-05
163    -7.09967707e-15
164    0.000293068906
165    8.26501858e-06
166    5.37045952e-05
167    1.76198893e-14
168    0.000736201492
169    -0.00019951538
170    1.83414336e-05
171    -1.46845771e-15
172    -6.95815886e-05
173    4.88275455e-17
174    2.9156527e-05
175    2.80650326e-16
176    -1.82323259e-05
177    5.31508622e-08
178    3.16369632e-07
179    2.21099536e-06
180    5.07565183e-06
181    3.50595687e-05
182    0.000102540819
183    -2.08946441e-05
184    -7.9961089e-06
185    3.88786132e-08
186    -2.41781509e-15
187    -0.000212721977
188    -0.000171990225
189    0.000114218088
190    3.58247912e-15
191    -7.68423656e-05
192    0.000108628052
193    4.35188457e-05
194    -1.98503267e-14
195    0.000144740022
196    0.000111576788
197    0.000562133781
198    6.62630059e-14
199    -0.000918794524
200    5.84036912e-05
201    0.000122879293
202    6.71221111e-14
203    6.26070146e-05
204    2.15476846e-16
205    3.34601827e-05
206    2.92785465e-16
207    -6.08006654e-05
208    1.48171393e-07
209    9.46181686e-07
210    6.06252747e-06
211    1.56560104e-05
212    8.67703818e-05
213    0.000262575527
214    -7.41268877e-06
215    -6.03227352e-05
216    3.83670587e-05
217    -2.82971118e-15
218    -0.000673321555
219    -0.000723876641
220    0.000428735833
221    6.87074929e-15
222    5.71429286e-05
223    4.02031446e-06
224    -0.000110069215
225    -2.2292178e-14
226    0.00112490619
227    0.000275509877
228    -0.000405861495
229    7.08812962e-14
230    0.00031537641
231    0.00030864939
232    -0.000166054358
233    1.71683483e-14
234    0.000321816883
235    -1.12846603e-16
236    0.000128048478
237    -1.65014324e-16
238    -0.000179609476
239    -0.00013026206
240    -0.00100829681
241    -0.00503067216
242    -0.0172680898
243    -0.0408301554
244    -0.0149938209
245    -0.0544625239
246    0.000166564618
247    2.18561221e-05
248    -5.25232709e-16
249    -0.00044782218
250    0.000217441294
251    1.1470612e-06
252    2.68504818e-15
253    0.000602130992
254    -0.000490412613
255    0.000250439593
256    -1.11085686e-14
257    -0.00308451878
258    0.000203799373
259    0.000146218558
260    9.74669038e-14
261    3.12272598e-05
262    0.000128724514
263    -9.82927906e-06
264    -8.2204159e-14
265    -0.000174406736
266    -5.57160953e-16
267    -3.26128053e-05
268    6.61997873e-16
269    -8.53703499e-05
270    -7.50414828e-05
271    -9.60694643e-05
272    0.000357060788
273    0.000154877072
274    0.000122290937
275    -2.10297271e-05
276    6.37670953e-16
[5D]