286.5022    0.00000000
288.6389    0.00000000
290.2376    0.00000000
291.3060    0.00000000
301.7780    0.00000000
302.3676    0.00000000
302.9863    0.00000000
303.0158    0.00000000
303.0732    0.00000000
303.3695    0.00000000
303.5329    0.00000000
303.6401    0.00000000
304.1039    0.00000000
304.5421    0.00000000
304.6098    0.00000000
304.6459    0.00000000
304.8137    0.00000000
304.9235    0.00000000
305.1289    0.00000000
305.2503    0.00000000
303.0327    0.00020862
303.1741    0.78741921
304.1975    0.00009225
304.5367    0.82650296
304.7139    0.00004790
304.7987    0.14285757
304.8041    0.00022140
304.8564    0.11237923
304.9216    0.53418119
305.4254    0.00491572
