[Molden Format]
[Atoms] (Angs)
  C      1    6     -0.00714236     -1.70213747     -0.00000000
  H      2    1     -2.06882847     -1.44022412      0.00000000
  H      3    1     -0.12337987     -2.77567521      0.00000000
  H      4    1      0.04651892      1.98813947     -0.00000000
  C      5    6     -1.21953563      0.40211669      0.00000000
  O      6    8     -2.25921553      1.03043814      0.00000000
  C      7    6      1.28797806      0.34644937     -0.00000000
  O      8    8      2.31273661      1.00537216     -0.00000000
  N      9    7      0.03446295      0.97739857     -0.00000000
  N     10    7     -1.17287765     -0.98229824      0.00000000
  C     11    6      1.20107039     -1.10433419     -0.00000000
  H     12    1      2.11220096     -1.67699125     -0.00000000
[GTO]
1    0
S    1    1.000000
   4.56324000E+03    1.96665000E-03 
S    1    1.000000
   6.82024000E+02    1.52306000E-02 
S    1    1.000000
   1.54973000E+02    7.61269000E-02 
S    1    1.000000
   4.44553000E+01    2.60801000E-01 
S    1    1.000000
   1.30290000E+01    6.16462000E-01 
S    1    1.000000
   1.82773000E+00    2.21006000E-01 
SP   3    1.000000
   2.09642000E+01    1.14660000E-01   4.02487000E-02 
   4.80331000E+00    9.19999000E-01   2.37594000E-01 
   1.45933000E+00   -3.03068000E-03   8.15854000E-01 
SP   1    1.000000
   4.83456000E-01    1.00000000E+00   1.00000000E+00 
SP   1    1.000000
   1.45585000E-01    1.00000000E+00   1.00000000E+00 
SP   1    1.000000
   4.38000000E-02    1.00000000E+00   1.00000000E+00 
SP   1    1.000000
   1.31927711E-02    1.00000000E+00   1.00000000E+00 
D    1    1.000000
   6.26000000E-01    1.00000000E+00 

2    0
S    3    1.000000
   3.38650000E+01    2.54938000E-02 
   5.09479000E+00    1.90373000E-01 
   1.15879000E+00    8.52161000E-01 
S    1    1.000000
   3.25840000E-01    1.00000000E+00 
S    1    1.000000
   1.02741000E-01    1.00000000E+00 
S    1    1.000000
   3.60000000E-02    1.00000000E+00 
P    1    1.000000
   7.50000000E-01    1.00000000E+00 

3    0
S    3    1.000000
   3.38650000E+01    2.54938000E-02 
   5.09479000E+00    1.90373000E-01 
   1.15879000E+00    8.52161000E-01 
S    1    1.000000
   3.25840000E-01    1.00000000E+00 
S    1    1.000000
   1.02741000E-01    1.00000000E+00 
S    1    1.000000
   3.60000000E-02    1.00000000E+00 
P    1    1.000000
   7.50000000E-01    1.00000000E+00 

4    0
S    3    1.000000
   3.38650000E+01    2.54938000E-02 
   5.09479000E+00    1.90373000E-01 
   1.15879000E+00    8.52161000E-01 
S    1    1.000000
   3.25840000E-01    1.00000000E+00 
S    1    1.000000
   1.02741000E-01    1.00000000E+00 
S    1    1.000000
   3.60000000E-02    1.00000000E+00 
P    1    1.000000
   7.50000000E-01    1.00000000E+00 

5    0
S    1    1.000000
   4.56324000E+03    1.96665000E-03 
S    1    1.000000
   6.82024000E+02    1.52306000E-02 
S    1    1.000000
   1.54973000E+02    7.61269000E-02 
S    1    1.000000
   4.44553000E+01    2.60801000E-01 
S    1    1.000000
   1.30290000E+01    6.16462000E-01 
S    1    1.000000
   1.82773000E+00    2.21006000E-01 
SP   3    1.000000
   2.09642000E+01    1.14660000E-01   4.02487000E-02 
   4.80331000E+00    9.19999000E-01   2.37594000E-01 
   1.45933000E+00   -3.03068000E-03   8.15854000E-01 
SP   1    1.000000
   4.83456000E-01    1.00000000E+00   1.00000000E+00 
SP   1    1.000000
   1.45585000E-01    1.00000000E+00   1.00000000E+00 
SP   1    1.000000
   4.38000000E-02    1.00000000E+00   1.00000000E+00 
SP   1    1.000000
   1.31927711E-02    1.00000000E+00   1.00000000E+00 
D    1    1.000000
   6.26000000E-01    1.00000000E+00 

6    0
S    1    1.000000
   8.58850000E+03    1.89515000E-03 
S    1    1.000000
   1.29723000E+03    1.43859000E-02 
S    1    1.000000
   2.99296000E+02    7.07320000E-02 
S    1    1.000000
   8.73771000E+01    2.40001000E-01 
S    1    1.000000
   2.56789000E+01    5.94797000E-01 
S    1    1.000000
   3.74004000E+00    2.80802000E-01 
SP   3    1.000000
   4.21175000E+01    1.13889000E-01   3.65114000E-02 
   9.62837000E+00    9.20811000E-01   2.37153000E-01 
   2.85332000E+00   -3.27447000E-03   8.19702000E-01 
SP   1    1.000000
   9.05661000E-01    1.00000000E+00   1.00000000E+00 
SP   1    1.000000
   2.55611000E-01    1.00000000E+00   1.00000000E+00 
SP   1    1.000000
   8.45000000E-02    1.00000000E+00   1.00000000E+00 
SP   1    1.000000
   2.54518072E-02    1.00000000E+00   1.00000000E+00 
D    1    1.000000
   1.29200000E+00    1.00000000E+00 

7    0
S    1    1.000000
   4.56324000E+03    1.96665000E-03 
S    1    1.000000
   6.82024000E+02    1.52306000E-02 
S    1    1.000000
   1.54973000E+02    7.61269000E-02 
S    1    1.000000
   4.44553000E+01    2.60801000E-01 
S    1    1.000000
   1.30290000E+01    6.16462000E-01 
S    1    1.000000
   1.82773000E+00    2.21006000E-01 
SP   3    1.000000
   2.09642000E+01    1.14660000E-01   4.02487000E-02 
   4.80331000E+00    9.19999000E-01   2.37594000E-01 
   1.45933000E+00   -3.03068000E-03   8.15854000E-01 
SP   1    1.000000
   4.83456000E-01    1.00000000E+00   1.00000000E+00 
SP   1    1.000000
   1.45585000E-01    1.00000000E+00   1.00000000E+00 
SP   1    1.000000
   4.38000000E-02    1.00000000E+00   1.00000000E+00 
SP   1    1.000000
   1.31927711E-02    1.00000000E+00   1.00000000E+00 
D    1    1.000000
   6.26000000E-01    1.00000000E+00 

8    0
S    1    1.000000
   8.58850000E+03    1.89515000E-03 
S    1    1.000000
   1.29723000E+03    1.43859000E-02 
S    1    1.000000
   2.99296000E+02    7.07320000E-02 
S    1    1.000000
   8.73771000E+01    2.40001000E-01 
S    1    1.000000
   2.56789000E+01    5.94797000E-01 
S    1    1.000000
   3.74004000E+00    2.80802000E-01 
SP   3    1.000000
   4.21175000E+01    1.13889000E-01   3.65114000E-02 
   9.62837000E+00    9.20811000E-01   2.37153000E-01 
   2.85332000E+00   -3.27447000E-03   8.19702000E-01 
SP   1    1.000000
   9.05661000E-01    1.00000000E+00   1.00000000E+00 
SP   1    1.000000
   2.55611000E-01    1.00000000E+00   1.00000000E+00 
SP   1    1.000000
   8.45000000E-02    1.00000000E+00   1.00000000E+00 
SP   1    1.000000
   2.54518072E-02    1.00000000E+00   1.00000000E+00 
D    1    1.000000
   1.29200000E+00    1.00000000E+00 

9    0
S    1    1.000000
   6.29348000E+03    1.96979000E-03 
S    1    1.000000
   9.49044000E+02    1.49613000E-02 
S    1    1.000000
   2.18776000E+02    7.35006000E-02 
S    1    1.000000
   6.36916000E+01    2.48937000E-01 
S    1    1.000000
   1.88282000E+01    6.02460000E-01 
S    1    1.000000
   2.72023000E+00    2.56202000E-01 
SP   3    1.000000
   3.06331000E+01    1.11906000E-01   3.83119000E-02 
   7.02614000E+00    9.21666000E-01   2.37403000E-01 
   2.11205000E+00   -2.56919000E-03   8.17592000E-01 
SP   1    1.000000
   6.84009000E-01    1.00000000E+00   1.00000000E+00 
SP   1    1.000000
   2.00878000E-01    1.00000000E+00   1.00000000E+00 
SP   1    1.000000
   6.39000000E-02    1.00000000E+00   1.00000000E+00 
SP   1    1.000000
   1.92469880E-02    1.00000000E+00   1.00000000E+00 
D    1    1.000000
   9.13000000E-01    1.00000000E+00 

10    0
S    1    1.000000
   6.29348000E+03    1.96979000E-03 
S    1    1.000000
   9.49044000E+02    1.49613000E-02 
S    1    1.000000
   2.18776000E+02    7.35006000E-02 
S    1    1.000000
   6.36916000E+01    2.48937000E-01 
S    1    1.000000
   1.88282000E+01    6.02460000E-01 
S    1    1.000000
   2.72023000E+00    2.56202000E-01 
SP   3    1.000000
   3.06331000E+01    1.11906000E-01   3.83119000E-02 
   7.02614000E+00    9.21666000E-01   2.37403000E-01 
   2.11205000E+00   -2.56919000E-03   8.17592000E-01 
SP   1    1.000000
   6.84009000E-01    1.00000000E+00   1.00000000E+00 
SP   1    1.000000
   2.00878000E-01    1.00000000E+00   1.00000000E+00 
SP   1    1.000000
   6.39000000E-02    1.00000000E+00   1.00000000E+00 
SP   1    1.000000
   1.92469880E-02    1.00000000E+00   1.00000000E+00 
D    1    1.000000
   9.13000000E-01    1.00000000E+00 

11    0
S    1    1.000000
   4.56324000E+03    1.96665000E-03 
S    1    1.000000
   6.82024000E+02    1.52306000E-02 
S    1    1.000000
   1.54973000E+02    7.61269000E-02 
S    1    1.000000
   4.44553000E+01    2.60801000E-01 
S    1    1.000000
   1.30290000E+01    6.16462000E-01 
S    1    1.000000
   1.82773000E+00    2.21006000E-01 
SP   3    1.000000
   2.09642000E+01    1.14660000E-01   4.02487000E-02 
   4.80331000E+00    9.19999000E-01   2.37594000E-01 
   1.45933000E+00   -3.03068000E-03   8.15854000E-01 
SP   1    1.000000
   4.83456000E-01    1.00000000E+00   1.00000000E+00 
SP   1    1.000000
   1.45585000E-01    1.00000000E+00   1.00000000E+00 
SP   1    1.000000
   4.38000000E-02    1.00000000E+00   1.00000000E+00 
SP   1    1.000000
   1.31927711E-02    1.00000000E+00   1.00000000E+00 
D    1    1.000000
   6.26000000E-01    1.00000000E+00 

12    0
S    3    1.000000
   3.38650000E+01    2.54938000E-02 
   5.09479000E+00    1.90373000E-01 
   1.15879000E+00    8.52161000E-01 
S    1    1.000000
   3.25840000E-01    1.00000000E+00 
S    1    1.000000
   1.02741000E-01    1.00000000E+00 
S    1    1.000000
   3.60000000E-02    1.00000000E+00 
P    1    1.000000
   7.50000000E-01    1.00000000E+00 

[MO]
Sym=X
Ene=0.92401
Spin=Alpha
Occup=1
1    -1.69286497e-09
2    1.15898101e-08
3    -1.22100098e-07
4    2.98420566e-07
5    -4.76212632e-06
6    -1.86036863e-05
7    1.06950146e-05
8    -9.79239107e-07
9    -2.4504966e-06
10    -6.91100525e-17
11    4.97144641e-05
12    1.3740629e-05
13    1.53488583e-05
14    -8.38872988e-16
15    -0.000334597712
16    -2.98560665e-05
17    -0.00020029438
18    -5.08101778e-15
19    0.00206734052
20    0.000440773454
21    -0.000231400529
22    4.94888804e-14
23    0.000666250474
24    0.000276542737
25    4.8090885e-05
26    -1.07348805e-13
27    1.41480442e-05
28    -1.33423932e-17
29    3.57162774e-06
30    -1.508096e-16
31    -7.91095652e-06
32    3.55170498e-07
33    2.50785205e-05
34    -7.43143728e-06
35    0.00012241871
36    7.90280763e-07
37    1.90368783e-06
38    -2.33136572e-16
39    -1.49545299e-06
40    -7.41577962e-06
41    -0.000162192365
42    -0.000299837946
43    3.0511411e-06
44    -3.13749221e-06
45    1.5739286e-16
46    7.15917153e-06
47    -3.45111711e-08
48    7.50401063e-06
49    0.000118661665
50    -5.1348377e-06
51    -1.04352146e-06
52    -5.31779012e-17
53    -9.16201494e-10
54    2.00244035e-09
55    -5.66718543e-08
56    6.88036447e-08
57    -1.87624908e-06
58    -7.3645115e-06
59    3.7399487e-06
60    -6.03016977e-07
61    5.97458097e-07
62    8.1084844e-16
63    2.11027315e-05
64    5.11125554e-06
65    2.47784336e-06
66    -2.84255064e-15
67    -4.57191474e-05
68    -0.000266360114
69    0.000111046503
70    3.51632795e-15
71    -0.000984695733
72    -0.0011517598
73    0.000125354545
74    1.82342224e-14
75    -0.00107113517
76    -0.000245168897
77    -0.000437095281
78    5.26042507e-14
79    -3.12362683e-06
80    4.95489275e-16
81    1.49353201e-06
82    3.41458038e-16
83    5.00815982e-06
84    2.84037377e-08
85    2.19014838e-07
86    1.0527644e-06
87    3.66344513e-06
88    8.34432001e-06
89    1.71241341e-06
90    1.44764855e-05
91    -1.7580249e-06
92    -6.15062328e-07
93    -6.2581127e-16
94    8.71568211e-06
95    5.83699471e-06
96    1.23982131e-06
97    1.45101063e-15
98    -7.75427224e-05
99    -4.96459142e-05
100    1.93575542e-05
101    -4.88774986e-15
102    -0.000452376993
103    -2.56451421e-05
104    8.50730374e-05
105    6.23844873e-15
106    -0.0024891487
107    -0.00038917059
108    8.59022286e-05
109    -2.06964068e-14
110    1.701675e-06
111    5.74958961e-17
112    1.12015176e-06
113    3.3358316e-16
114    -6.63951093e-08
115    -7.8719572e-09
116    -1.20478925e-07
117    -2.34444435e-07
118    -3.05081513e-06
119    -6.3408604e-06
120    -0.000112877792
121    -1.47010928e-05
122    3.22211425e-05
123    2.49242119e-05
124    -4.46454292e-16
125    0.000416069256
126    0.000433489637
127    0.000287156204
128    3.15465436e-15
129    -0.000803801069
130    -0.000327015558
131    -0.000212190634
132    -3.99307098e-15
133    -0.000396497264
134    -0.00317675619
135    -0.00166094819
136    7.29936551e-14
137    0.00018994619
138    -0.000439866994
139    0.000744585995
140    -6.41062401e-14
141    0.000248846931
142    5.7408727e-16
143    -7.36603072e-05
144    3.97980247e-16
145    0.000112529802
146    0.00104385846
147    0.00794076078
148    0.0389358877
149    0.132510477
150    0.327965298
151    0.155500082
152    0.471306909
153    -0.00155769798
154    -0.000937586981
155    1.08711663e-15
156    0.00493804622
157    0.000723774024
158    0.00043426097
159    -5.65825104e-16
160    -0.000639090807
161    -0.000388898314
162    -0.000223590332
163    6.57349484e-15
164    0.00302016084
165    -0.000151001837
166    -0.000147232907
167    -1.35296345e-14
168    0.00642950657
169    -0.00119545433
170    -0.000375795622
171    -4.19032593e-15
172    -9.17404884e-05
173    6.04615783e-17
174    -0.000107304866
175    -1.79870942e-16
176    -4.551589e-05
177    -7.82153944e-10
178    2.43588973e-08
179    -9.54033467e-08
180    5.21696912e-07
181    -5.81678465e-06
182    -2.40125477e-05
183    1.69519959e-05
184    -1.73760928e-05
185    1.30729873e-06
186    7.64021277e-16
187    2.40810955e-05
188    5.70472627e-05
189    -8.66671109e-06
190    -4.43294621e-16
191    0.000123099413
192    -4.83527459e-05
193    -5.73135606e-05
194    6.75154352e-15
195    -0.000144621684
196    -9.83835945e-05
197    9.73010239e-05
198    -3.02036806e-14
199    -0.002175462
200    -0.00283156577
201    5.58853396e-05
202    -2.77138474e-14
203    -1.23809767e-05
204    6.3032808e-16
205    -6.281488e-06
206    2.56876979e-16
207    2.84261602e-05
208    -1.69393653e-10
209    3.71853661e-09
210    -1.79357269e-08
211    8.09330963e-08
212    -9.34938644e-07
213    -3.68441999e-06
214    2.36179023e-06
215    -5.1365045e-07
216    5.77304972e-07
217    3.43625458e-16
218    2.62435276e-06
219    4.08372146e-06
220    -2.61515687e-06
221    -3.47729244e-15
222    0.000117880885
223    9.70242313e-05
224    3.27084337e-05
225    5.55958543e-15
226    0.000667990416
227    0.000250170788
228    3.27459752e-05
229    -3.14786484e-14
230    2.49027676e-05
231    0.000256256848
232    -0.00012200872
233    9.76260344e-15
234    -4.01740436e-06
235    8.15748855e-17
236    4.81381556e-07
237    2.40187999e-16
238    -1.41850875e-06
239    1.39435841e-09
240    1.86091696e-08
241    3.94096269e-08
242    3.42911273e-07
243    -1.34294579e-06
244    -1.03359184e-05
245    7.16960794e-06
246    -7.90821733e-06
247    -1.38878663e-05
248    9.59414418e-16
249    7.68674257e-06
250    2.12694992e-05
251    7.06298917e-05
252    -3.96526996e-15
253    0.000178578946
254    -0.000131045823
255    -2.15788872e-05
256    1.08990159e-14
257    -0.00348411241
258    0.00170352795
259    -7.36094065e-05
260    -7.57557379e-14
261    0.000497271332
262    0.000309605744
263    0.000174642535
264    1.22019977e-13
265    3.97224204e-05
266    2.03811007e-16
267    2.14808724e-08
268    -1.97277986e-16
269    -3.96680634e-05
270    5.69235232e-06
271    5.3544413e-05
272    -6.90780949e-05
273    -0.00096050378
274    -1.47190453e-05
275    6.04070693e-06
276    -1.37801171e-16
Sym=X
Ene=0.925359
Spin=Alpha
Occup=1
1    8.11566933e-10
2    -1.71613887e-09
3    5.00797386e-08
4    -5.90164328e-08
5    1.66776928e-06
6    6.64986746e-06
7    -3.33084497e-06
8    -1.62106593e-06
9    6.17657041e-07
10    -7.7623551e-16
11    -1.94417906e-05
12    1.66785232e-05
13    -5.42461411e-06
14    -2.53451966e-15
15    0.0001494598
16    2.65920247e-05
17    0.000148470789
18    5.99518179e-16
19    0.00288112552
20    -5.53458494e-06
21    0.00121472289
22    -4.83745647e-14
23    0.000315023909
24    0.000236474523
25    -0.000201675719
26    -9.32595501e-15
27    7.61159896e-06
28    1.04504748e-16
29    -2.71529096e-06
30    4.37285688e-16
31    4.78263211e-06
32    -6.87854433e-06
33    1.15097207e-05
34    2.5094337e-05
35    -9.53874724e-05
36    -3.36436332e-06
37    8.15598879e-06
38    -1.05965079e-15
39    -1.26391899e-06
40    1.95991672e-05
41    0.000111661402
42    0.000764742786
43    1.12508207e-06
44    3.57554846e-06
45    -2.58265098e-16
46    -5.55146382e-06
47    -9.54604236e-07
48    9.75658075e-05
49    -0.000125574334
50    -8.55263374e-06
51    -4.5446601e-07
52    3.1430169e-16
53    8.93202744e-09
54    1.29004105e-07
55    2.76477852e-07
56    3.22628606e-06
57    7.12086813e-06
58    0.000120335396
59    1.44583678e-05
60    3.51001505e-05
61    -2.16320225e-05
62    -2.46148393e-15
63    -0.000446168961
64    0.000453437654
65    -0.00027276591
66    9.87342811e-16
67    0.000890624703
68    -0.000469309552
69    0.000285848371
70    -6.32412953e-15
71    0.00214892441
72    -0.00270453989
73    0.00173893164
74    -4.9480039e-14
75    -0.00139353895
76    -0.000107693232
77    -0.000232126935
78    -5.71382905e-15
79    0.000243926475
80    6.14513397e-16
81    8.00368098e-05
82    1.0991515e-15
83    -0.000127608077
84    -0.00104384945
85    -0.00794069131
86    -0.0389355535
87    -0.13250963
88    -0.327964777
89    -0.155520535
90    -0.471287984
91    -0.00159310069
92    0.000975079073
93    -9.90906083e-16
94    -0.0049392744
95    0.000742637615
96    -0.000452855163
97    -7.10144543e-16
98    0.000586078541
99    -0.000409147721
100    0.000250306292
101    -5.11228722e-15
102    -0.00323890277
103    -0.000235873812
104    0.00014227498
105    5.64969354e-15
106    -0.00755092151
107    -0.00139657961
108    0.000692634856
109    -4.6364113e-15
110    -8.60932123e-05
111    7.73365839e-16
112    7.52545766e-05
113    -1.85280087e-16
114    4.7485886e-05
115    8.07354158e-10
116    -1.97375019e-09
117    5.04223982e-08
118    -6.58244006e-08
119    1.66733646e-06
120    6.44679182e-06
121    -3.3212459e-06
122    -2.02615738e-06
123    -5.44759074e-07
124    1.89029745e-15
125    -1.64320635e-05
126    1.13431093e-05
127    -2.5677996e-06
128    -1.00724461e-15
129    -6.10275083e-05
130    -0.000236999451
131    -0.00015754599
132    9.57136364e-15
133    0.00186115708
134    -0.00111942951
135    -0.000399385522
136    -6.86141409e-14
137    0.000408308722
138    -0.000173878492
139    0.000252963295
140    -4.49750806e-14
141    -3.80072223e-06
142    9.11756824e-16
143    5.04953465e-07
144    1.14132998e-15
145    -5.55118137e-06
146    3.12352554e-08
147    2.33261809e-07
148    1.17500694e-06
149    3.87958489e-06
150    1.06643229e-05
151    8.30239208e-06
152    1.1700541e-05
153    -1.71729994e-06
154    1.63973243e-07
155    7.18966991e-16
156    -1.13542219e-05
157    5.5698746e-06
158    2.93454602e-07
159    2.90599912e-15
160    9.26239107e-05
161    -5.60677228e-05
162    -2.41275451e-05
163    -1.10626926e-15
164    0.000455616921
165    -4.22871993e-05
166    -7.21770337e-05
167    9.35745107e-15
168    0.00238355222
169    -0.000383217325
170    -7.94033952e-05
171    1.52362868e-14
172    1.60865249e-06
173    1.66489778e-16
174    -1.27085817e-06
175    5.21562399e-17
176    4.43258299e-07
177    1.31346156e-09
178    -2.50754156e-08
179    1.26553007e-07
180    -5.51631341e-07
181    6.80580036e-06
182    2.7618896e-05
183    -1.88707345e-05
184    -1.67366541e-05
185    1.49289516e-06
186    -1.76896261e-15
187    -3.91942564e-05
188    5.50538401e-05
189    5.56177463e-07
190    5.76612177e-15
191    -2.09343145e-05
192    -1.33707402e-05
193    1.89829311e-05
194    -1.40725833e-14
195    -0.000191330771
196    3.86616355e-05
197    -0.000213128367
198    4.14521227e-14
199    0.00142392896
200    -0.00233543706
201    7.26649773e-05
202    4.41594947e-14
203    -3.90123306e-06
204    3.69783338e-16
205    4.50325207e-06
206    1.22062747e-15
207    -3.15271408e-05
208    1.31337551e-09
209    -2.76141311e-08
210    1.32264659e-07
211    -6.0348818e-07
212    7.26507758e-06
213    2.9595464e-05
214    -2.02194136e-05
215    -8.70020487e-06
216    1.47644726e-05
217    -3.01557869e-15
218    -4.43339804e-05
219    2.37695131e-05
220    -5.12889332e-05
221    1.79695517e-15
222    8.02011767e-06
223    -7.65424044e-06
224    1.93279995e-05
225    -1.58932021e-14
226    -0.000193782065
227    5.91091976e-05
228    1.38489131e-05
229    3.69101347e-14
230    0.00192128932
231    -0.000379453019
232    0.000770566516
233    1.41747441e-14
234    2.04191934e-05
235    -2.09226415e-16
236    4.10655842e-06
237    -2.54246933e-17
238    2.38389912e-05
239    -3.52118675e-11
240    -2.77125775e-10
241    -1.40356059e-09
242    -1.74081242e-09
243    6.64725777e-08
244    1.08057134e-06
245    -2.91194824e-07
246    -1.28646967e-06
247    5.02661855e-08
248    -4.49327217e-16
249    6.25667604e-08
250    1.35077104e-05
251    -1.05194351e-06
252    -5.42863071e-16
253    -0.000236701842
254    0.000144731844
255    -7.93350315e-05
256    -5.27468703e-15
257    -0.00307476445
258    0.000723543633
259    -0.00041318391
260    5.28443197e-14
261    0.000115270489
262    0.000110689889
263    0.000282340788
264    2.88582844e-14
265    -5.77671661e-06
266    3.09104935e-16
267    -1.28830635e-06
268    6.45483723e-16
269    -3.0671195e-07
270    -5.93864141e-07
271    -2.44122577e-05
272    -5.53376453e-05
273    -6.98770319e-05
274    3.62590745e-06
275    -2.516366e-06
276    1.18823479e-16
Sym=X
Ene=1.4e-05
Spin=Alpha
Occup=1
1    1.30760377e-09
2    -5.31132157e-09
3    8.62956272e-08
4    -1.50817966e-07
5    3.09506001e-06
6    1.22187304e-05
7    -6.55783457e-06
8    -1.22569981e-06
9    1.36458961e-06
10    -7.14004016e-16
11    -3.42367185e-05
12    1.14455187e-05
13    -1.00223771e-05
14    -2.13639346e-15
15    0.000248070199
16    3.47034405e-05
17    0.000204439815
18    2.18358811e-15
19    0.00207451291
20    -0.000145361657
21    0.0012252745
22    -6.15970672e-14
23    8.68945747e-05
24    0.000136300724
25    -0.000206502233
26    2.52820752e-14
27    2.71937736e-06
28    1.03325496e-16
29    -3.7098091e-06
30    4.62543807e-16
31    7.04931564e-06
32    -6.63466304e-06
33    2.9407005e-06
34    2.61550404e-05
35    -0.000129354572
36    -3.44107328e-06
37    7.12779621e-06
38    -9.30577656e-16
39    -7.2298241e-07
40    2.09399226e-05
41    0.000157427735
42    0.000820389503
43    9.68208838e-08
44    4.38744177e-06
45    -2.94901553e-16
46    -7.5392895e-06
47    -8.94119297e-07
48    9.01197656e-05
49    -0.00015678137
50    -6.4767417e-06
51    -9.9176115e-08
52    3.14903473e-16
53    8.75997577e-09
54    1.2167624e-07
55    2.80152188e-07
56    3.03707011e-06
57    7.34794192e-06
58    0.000116434758
59    1.25195615e-05
60    3.34712265e-05
61    -2.06999108e-05
62    -2.59156351e-15
63    -0.000429734776
64    0.000428293482
65    -0.000259405456
66    1.83972722e-15
67    0.000858962134
68    -0.000360295692
69    0.000235721945
70    -7.1138817e-15
71    0.00235047918
72    -0.00219813367
73    0.00160888685
74    -5.27098943e-14
75    -0.000980762292
76    -2.41723928e-05
77    -8.11418047e-05
78    -2.21394262e-14
79    0.00023226718
80    4.25131807e-16
81    7.54106066e-05
82    9.33596002e-16
83    -0.00012258117
84    -0.000989714973
85    -0.00752888459
86    -0.0369163369
87    -0.125637643
88    -0.310956198
89    -0.147454372
90    -0.446847312
91    -0.00150990918
92    0.000924698137
93    -7.40574276e-16
94    -0.00468584934
95    0.000702262208
96    -0.0004297601
97    -1.13456082e-15
98    0.000580328657
99    -0.000372144041
100    0.000231169709
101    -3.29338768e-15
102    -0.00292710116
103    -0.000215487114
104    0.000107852082
105    3.37355576e-15
106    -0.00636800547
107    -0.00120042981
108    0.000629401713
109    2.18309964e-15
110    -8.21685692e-05
111    7.14975128e-16
112    7.09951144e-05
113    -2.81710012e-16
114    4.50439427e-05
115    3.2678345e-09
116    3.64267625e-08
117    1.22332807e-07
118    9.07390443e-07
119    3.5965015e-06
120    4.19942719e-05
121    1.52424348e-06
122    -1.21635983e-05
123    -8.43947252e-06
124    1.93416945e-15
125    -0.000147840863
126    -0.000127043996
127    -9.37165284e-05
128    -1.95780902e-15
129    0.000197652187
130    -0.000120754
131    -8.19225452e-05
132    1.0344233e-14
133    0.0018906601
134    -5.15306838e-05
135    0.00014931652
136    -8.82585906e-14
137    0.000326749564
138    -2.50335761e-05
139    3.15150026e-06
140    -2.22640157e-14
141    -8.27076549e-05
142    6.81972568e-16
143    2.38940811e-05
144    9.55619307e-16
145    -4.1034496e-05
146    -0.000331794671
147    -0.00252400734
148    -0.0123759214
149    -0.042119077
150    -0.104244302
151    -0.0494228757
152    -0.149809102
153    0.000493536627
154    0.000298197916
155    3.36099536e-16
156    -0.00158048353
157    -0.000224794091
158    -0.000137765709
159    2.93513349e-15
160    0.000290975347
161    7.04644081e-05
162    4.81993715e-05
163    -3.13848675e-15
164    -0.000528071643
165    7.9070329e-06
166    -2.16305201e-05
167    1.31729221e-14
168    0.000216092245
169    1.66737581e-05
170    4.41740197e-05
171    1.57780257e-14
172    3.06879046e-05
173    1.38634432e-16
174    3.29053941e-05
175    1.0662876e-16
176    1.48889696e-05
177    1.49396653e-09
178    -3.15180428e-08
179    1.50315869e-07
180    -6.88857025e-07
181    8.30184353e-06
182    3.38194968e-05
183    -2.32806689e-05
184    -1.03449843e-05
185    9.99892741e-07
186    -1.9200771e-15
187    -4.48162441e-05
188    3.40639244e-05
189    3.28232442e-06
190    5.60795392e-15
191    -5.89796141e-05
192    2.69327722e-06
193    3.62172791e-05
194    -1.54888486e-14
195    -0.000135433925
196    6.79307103e-05
197    -0.000233003882
198    4.89032593e-14
199    0.00204161227
200    -0.00131419502
201    5.1130943e-05
202    5.06787281e-14
203    2.36815522e-07
204    1.50232781e-16
205    6.26644734e-06
206    1.07565797e-15
207    -3.89280346e-05
208    1.2990992e-09
209    -2.73638691e-08
210    1.31105666e-07
211    -5.97913015e-07
212    7.18544528e-06
213    2.9231587e-05
214    -1.99214229e-05
215    -8.08565279e-06
216    1.38151379e-05
217    -2.9683959e-15
218    -4.28686534e-05
219    2.12384669e-05
220    -4.7797311e-05
221    2.809119e-15
222    -2.98681431e-05
223    -3.80995226e-05
224    7.92803682e-06
225    -1.6836131e-14
226    -0.0003960732
227    -2.34816457e-05
228    2.7212118e-06
229    4.500215e-14
230    0.00181371766
231    -0.000441230696
232    0.000769382372
233    1.03361528e-14
234    2.0637131e-05
235    -2.24305258e-16
236    3.74053227e-06
237    -1.00457488e-16
238    2.30534037e-05
239    -4.76627531e-10
240    -6.17827998e-09
241    -1.3858388e-08
242    -1.10655994e-07
243    4.89923608e-07
244    4.31013018e-06
245    -2.55518337e-06
246    1.29414185e-06
247    4.46236792e-06
248    -7.31002035e-16
249    -2.38415909e-06
250    6.0458773e-06
251    -2.34493833e-05
252    7.45784475e-16
253    -0.000281191449
254    0.000178881905
255    -6.83604469e-05
256    -8.46569976e-15
257    -0.00180774105
258    0.000144492451
259    -0.000368353302
260    7.41847532e-14
261    -4.87823154e-05
262    6.53027329e-06
263    0.000212180234
264    -1.14265779e-14
265    -1.8104144e-05
266    2.28284004e-16
267    -1.22831148e-06
268    6.74714286e-16
269    1.23189782e-05
270    -2.37255987e-06
271    -4.01668457e-05
272    -3.05086184e-05
273    0.000239074722
274    8.11676118e-06
275    -4.30607914e-06
276    1.56464789e-16
Sym=X
Ene=0.022614
Spin=Alpha
Occup=1
1    1.6934379e-09
2    -1.15910196e-08
3    1.22135448e-07
4    -2.98462186e-07
5    4.76330338e-06
6    1.86083797e-05
7    -1.06973651e-05
8    9.78093615e-07
9    2.45093236e-06
10    6.85616411e-17
11    -4.9728187e-05
12    -1.37288425e-05
13    -1.53526869e-05
14    8.37082194e-16
15    0.00033470322
16    2.98748458e-05
17    0.000200399222
18    5.08144006e-15
19    -0.00206530455
20    -0.000440777255
21    0.000232258648
22    -4.95230438e-14
23    -0.000666027751
24    -0.000276375604
25    -4.82333528e-05
26    1.0734219e-13
27    -1.41426632e-05
28    1.34162204e-17
29    -3.57354515e-06
30    1.51118496e-16
31    7.91433339e-06
32    -3.60029959e-07
33    -2.50703829e-05
34    7.44916407e-06
35    -0.000122486069
36    -7.9265742e-07
37    -1.89792532e-06
38    2.32387893e-16
39    1.49455968e-06
40    7.42962418e-06
41    0.000162271212
42    0.000300378146
43    -3.0503455e-06
44    3.14001749e-06
45    -1.5757528e-16
46    -7.16309175e-06
47    3.38367544e-08
48    -7.43508055e-06
49    -0.000118750352
50    5.12879417e-06
51    1.04320013e-06
52    5.33999357e-17
53    9.2251156e-10
54    -1.91130112e-09
55    5.68671661e-08
56    -6.65243234e-08
57    1.88127936e-06
58    7.44952414e-06
59    -3.72973324e-06
60    6.27814356e-07
61    -6.12740524e-07
62    -8.12587227e-16
63    -2.14179354e-05
64    -4.79090997e-06
65    -2.67054621e-06
66    2.84324747e-15
67    4.6348344e-05
68    0.00026602849
69    -0.00011084453
70    -3.52079494e-15
71    0.00098621366
72    0.00114984882
73    -0.000124125995
74    -1.82691745e-14
75    0.0010701504
76    0.000245092753
77    0.00043693118
78    -5.26082744e-14
79    3.29595506e-06
80    -4.95055011e-16
81    -1.43698729e-06
82    -3.40681426e-16
83    -5.09831104e-06
84    -7.65861741e-07
85    -5.82894866e-06
86    -2.85599259e-05
87    -9.72787525e-05
88    -0.000240044637
89    -0.000111584449
90    -0.000347431678
91    6.32531836e-07
92    1.30393534e-06
93    6.2511106e-16
94    -1.2205175e-05
95    -5.31233517e-06
96    -1.55975379e-06
97    -1.45151198e-15
98    7.79567556e-05
99    4.93568475e-05
100    -1.91807132e-05
101    4.88413693e-15
102    0.000450088664
103    2.54784958e-05
104    -8.4972502e-05
105    -6.2344558e-15
106    0.00248381351
107    0.000388183839
108    -8.54128751e-05
109    2.06931262e-14
110    -1.76249765e-06
111    -5.69495149e-17
112    -1.06698569e-06
113    -3.33713974e-16
114    9.99428875e-08
115    7.87252563e-09
116    1.20477501e-07
117    2.34479999e-07
118    3.05076787e-06
119    6.34203676e-06
120    0.000112882318
121    1.46987427e-05
122    -3.2222566e-05
123    -2.49245906e-05
124    4.47789637e-16
125    -0.000416080761
126    -0.000433481516
127    -0.000287157947
128    -3.15536517e-15
129    0.000803757756
130    0.000326848041
131    0.000212079279
132    3.99983196e-15
133    0.000397812034
134    0.00317596455
135    0.00166066562
136    -7.30421115e-14
137    -0.000189657681
138    0.000439744043
139    -0.000744407097
140    6.40744503e-14
141    -0.000248849555
142    -5.73442991e-16
143    7.36606457e-05
144    -3.97173822e-16
145    -0.000112533696
146    -0.00104385818
147    -0.00794075864
148    -0.0389358772
149    -0.132510441
150    -0.327965209
151    -0.155500038
152    -0.471306784
153    0.00155769638
154    0.000937586864
155    -1.08660842e-15
156    -0.00493805302
157    -0.000723769909
158    -0.000434260655
159    5.67877992e-16
160    0.000639156086
161    0.000388858607
162    0.000223573231
163    -6.57427477e-15
164    -0.00301983821
165    0.000150971924
166    0.000147181878
167    1.3536242e-14
168    -0.00642782105
169    0.0011951833
170    0.000375739432
171    4.20108901e-15
172    9.17416022e-05
173    -6.03439418e-17
174    0.000107303942
175    1.79907745e-16
176    4.55161918e-05
177    7.83081684e-10
178    -2.43766065e-08
179    9.54927301e-08
180    -5.22086499e-07
181    5.82159136e-06
182    2.40320539e-05
183    -1.69653235e-05
184    1.73642644e-05
185    -1.3062437e-06
186    -7.65270824e-16
187    -2.41087794e-05
188    -5.70083542e-05
189    8.66710187e-06
190    4.47368156e-16
191    -0.000123114172
192    4.83432877e-05
193    5.73269574e-05
194    -6.76148384e-15
195    0.000144486477
196    9.84108838e-05
197    -9.74515705e-05
198    3.02329582e-14
199    0.00217646743
200    0.00282991513
201    -5.58339895e-05
202    2.77450383e-14
203    1.23782174e-05
204    -6.3006668e-16
205    6.2846679e-06
206    -2.56014568e-16
207    -2.84484264e-05
208    1.70321484e-10
209    -3.7380445e-09
210    1.80291647e-08
211    -8.13594282e-08
212    9.40071039e-07
213    3.70532766e-06
214    -2.37607425e-06
215    5.07503809e-07
216    -5.66874035e-07
217    -3.45755816e-16
218    -2.65567315e-06
219    -4.06692778e-06
220    2.57892165e-06
221    3.47856109e-15
222    -0.000117875189
223    -9.70296148e-05
224    -3.26947708e-05
225    -5.57081227e-15
226    -0.000668127154
227    -0.000250128967
228    -3.27361831e-05
229    3.15047169e-14
230    -2.35454103e-05
231    -0.000256524861
232    0.000122553079
233    -9.75258686e-15
234    4.0318291e-06
235    -8.17226794e-17
236    -4.78480238e-07
237    -2.40205902e-16
238    1.43535015e-06
239    -1.39438294e-09
240    -1.86093608e-08
241    -3.94106087e-08
242    -3.42912418e-07
243    1.34299242e-06
244    1.03366792e-05
245    -7.16981189e-06
246    7.90730651e-06
247    1.38878984e-05
248    -9.5973162e-16
249    -7.68669646e-06
250    -2.1259951e-05
251    -7.06306174e-05
252    3.96488546e-15
253    -0.000178746126
254    0.000131148041
255    2.15228333e-05
256    -1.09027396e-14
257    0.00348193929
258    -0.00170301635
259    7.33174824e-05
260    7.57930525e-14
261    -0.000497189773
262    -0.000309527468
263    -0.000174443024
264    -1.21999559e-13
265    -3.97264917e-05
266    -2.0359258e-16
267    -2.23910288e-08
268    1.97733958e-16
269    3.96678369e-05
270    -5.69277046e-06
271    -5.35616465e-05
272    6.90389828e-05
273    0.000960454175
274    1.47216033e-05
275    -6.04248319e-06
276    1.37885084e-16
Sym=X
Ene=1e-06
Spin=Alpha
Occup=1
1    2.89394802e-10
2    -5.14669866e-09
3    2.78430429e-08
4    -1.2029667e-07
5    1.32121502e-06
6    5.05051824e-06
7    -3.30910229e-06
8    1.89064492e-06
9    8.78155441e-07
10    6.78987595e-16
11    -1.21186873e-05
12    -2.15273315e-05
13    -4.21785736e-06
14    2.5641528e-15
15    6.62238354e-05
16    -5.01778688e-06
17    -8.99403e-06
18    2.38232406e-15
19    -0.0035453372
20    -0.000244972758
21    -0.000870311182
22    1.1858733e-14
23    -0.000636863099
24    -0.000351488514
25    0.000139018573
26    6.84608821e-14
27    -1.42839826e-05
28    -7.85912722e-17
29    2.16249234e-07
30    -2.75083203e-16
31    5.36234528e-07
32    5.46901251e-06
33    -2.36853302e-05
34    -1.64784723e-05
35    9.32441165e-06
36    2.3258926e-06
37    -7.80083581e-06
38    1.00547128e-15
39    1.88848752e-06
40    -1.19575874e-05
41    -2.22198667e-07
42    -0.000460641508
43    -2.65476365e-06
44    -1.1711492e-06
45    1.23786921e-16
46    5.23132646e-07
47    8.06432096e-07
48    -8.46731725e-05
49    3.63348598e-05
50    9.95704638e-06
51    9.6539163e-07
52    -2.28977904e-16
53    -6.84411242e-09
54    -1.0747362e-07
55    -1.95821127e-07
56    -2.69842679e-06
57    -4.80763564e-06
58    -9.50249644e-05
59    -1.40355415e-05
60    -2.85921837e-05
61    1.7493355e-05
62    1.56999187e-15
63    0.000355836742
64    -0.000376668953
65    0.000223442165
66    7.95371514e-16
67    -0.000708272051
68    0.000537653162
69    -0.000298495748
70    3.22237474e-15
71    -0.00121392433
72    0.00288143753
73    -0.00150439384
74    3.04641858e-14
75    0.00175511619
76    0.000227570537
77    0.000438798317
78    -2.5070842e-14
79    -0.000199303798
80    -7.87063675e-16
81    -6.6821051e-05
82    -1.0993563e-15
83    0.000102353944
84    0.000860444357
85    0.0065455045
86    0.0320945527
87    0.109227561
88    0.270341459
89    0.128196892
90    0.388481412
91    0.00131421157
92    -0.000803423797
93    1.17110886e-15
94    0.00406658223
95    -0.000615471591
96    0.000372593263
97    -2.36077818e-16
98    -0.000439213902
99    0.000365372509
100    -0.000217290042
101    6.98123442e-15
102    0.00292597923
103    0.000208952728
104    -0.00016544174
105    -8.18889726e-15
106    0.00763351682
107    0.00137154216
108    -0.000619580899
109    1.55387151e-14
110    7.00045305e-05
111    -6.70046962e-16
112    -6.26676042e-05
113    -3.61222786e-17
114    -3.91057251e-05
115    3.79103586e-09
116    6.98337039e-08
117    9.11620634e-08
118    1.78141745e-06
119    2.21534025e-06
120    5.85892992e-05
121    1.10604788e-05
122    -1.65711585e-05
123    -1.36612868e-05
124    -1.30544887e-15
125    -0.000222004023
126    -0.000254761704
127    -0.000160451016
128    -9.55657392e-16
129    0.00050536163
130    0.000380495388
131    0.00024999492
132    -5.62921906e-15
133    -0.00130971019
134    0.00272121861
135    0.00126953166
136    1.5235759e-14
137    -0.00044410908
138    0.000392352419
139    -0.000630053699
140    7.3366074e-14
141    -0.000137746678
142    -1.07658247e-15
143    4.12850563e-05
144    -1.16612355e-15
145    -5.91305565e-05
146    -0.000590985153
147    -0.00449569379
148    -0.0220437358
149    -0.0750213311
150    -0.185679727
151    -0.088040078
152    -0.266830543
153    0.000883274877
154    0.000530660787
155    -1.2081042e-15
156    -0.00278621579
157    -0.00041434139
158    -0.000246089986
159    -2.07512729e-15
160    0.000285457116
161    0.000266384382
162    0.000146469845
163    -2.80953748e-15
164    -0.00208537485
165    0.000120344603
166    0.000142849529
167    -5.39547398e-17
168    -0.00560473253
169    0.00099267402
170    0.000278202495
171    -1.01872265e-14
172    5.06109907e-05
173    -1.71469072e-16
174    6.17960722e-05
175    5.88371504e-17
176    2.54025185e-05
177    -6.39904983e-10
178    6.87973509e-09
179    -5.03088227e-08
180    1.59369635e-07
181    -2.31706593e-06
182    -9.17244223e-06
183    5.95839313e-06
184    2.36333941e-05
185    -1.97071621e-06
186    1.02564663e-15
187    1.86753749e-05
188    -7.76778459e-05
189    4.44801838e-06
190    -4.50213656e-15
191    -5.24337861e-05
192    3.8395629e-05
193    1.67990071e-05
194    7.77798701e-15
195    0.000239591414
196    2.38285331e-05
197    0.000120599832
198    -1.70703892e-14
199    5.78283634e-05
200    0.00352816891
201    -9.15371656e-05
202    -2.07116846e-14
203    1.02250839e-05
204    -6.61665362e-16
205    -1.55959127e-07
206    -1.15160688e-15
207    9.89538817e-06
208    -9.86735922e-10
209    2.06575594e-08
210    -9.88737512e-08
211    4.51645531e-07
212    -5.45941351e-06
213    -2.23101157e-05
214    1.53300797e-05
215    7.46249951e-06
216    -1.24974012e-05
217    2.29124919e-15
218    3.50594269e-05
219    -2.19054753e-05
220    4.37587393e-05
221    4.87342418e-16
222    -7.33469853e-05
223    -4.86188082e-05
224    -3.44495737e-05
225    9.95355281e-15
226    -0.000218431894
227    -0.000190353724
228    -2.99543357e-05
229    -1.26045645e-14
230    -0.0015978452
231    0.000167714053
232    -0.000566116522
233    -1.72113507e-14
234    -1.45574686e-05
235    1.26286431e-16
236    -3.65762088e-06
237    -1.15019642e-16
238    -1.88477705e-05
239    -7.60362222e-10
240    -1.03067671e-08
241    -2.11539895e-08
242    -1.92697321e-07
243    7.05487344e-07
244    4.96074083e-06
245    -3.81889271e-06
246    5.53753353e-06
247    7.82090016e-06
248    -1.72766091e-16
249    -4.40326892e-06
250    -2.31759019e-05
251    -3.91185557e-05
252    2.69234759e-15
253    9.40179379e-05
254    -4.51156363e-05
255    7.76134833e-05
256    -1.82225595e-15
257    0.00450703344
258    -0.00156084562
259    0.000382266046
260    -6.72766299e-16
261    -0.000376539289
262    -0.000266520347
263    -0.000331608007
264    -9.2867456e-14
265    -1.77262145e-05
266    -3.70183228e-16
267    1.04980888e-06
268    -4.20396762e-16
269    2.27101009e-05
270    -2.73307948e-06
271    -1.01897065e-05
272    8.47228035e-05
273    0.0006013705
274    5.34400176e-06
275    -1.3455469e-06
276    -1.99345859e-17
Sym=X
Ene=0.019302
Spin=Alpha
Occup=1
1    8.11270707e-10
2    -1.71411089e-09
3    5.0058373e-08
4    -5.8964215e-08
5    1.66693599e-06
6    6.64661212e-06
7    -3.32897353e-06
8    -1.62123725e-06
9    6.17228249e-07
10    -7.76247591e-16
11    -1.94330913e-05
12    1.66809272e-05
13    -5.42192832e-06
14    -2.53466641e-15
15    0.000149401251
16    2.65868001e-05
17    0.00014843574
18    5.98629105e-16
19    0.00288148721
20    -5.45745935e-06
21    0.00121468238
22    -4.83659045e-14
23    0.000315140483
24    0.000236522908
25    -0.000201667301
26    -9.34473851e-15
27    7.61407444e-06
28    1.04502412e-16
29    -2.71466596e-06
30    4.37259292e-16
31    4.78124779e-06
32    -6.87848208e-06
33    1.15141087e-05
34    2.50930363e-05
35    -9.53660504e-05
36    -3.36422499e-06
37    8.15632177e-06
38    -1.05969157e-15
39    -1.26418064e-06
40    1.95978693e-05
41    0.00011163302
42    0.000764690309
43    1.12561593e-06
44    3.57499941e-06
45    -2.58237553e-16
46    -5.55021104e-06
47    -9.54610259e-07
48    9.7567119e-05
49    -0.000125553568
50    -8.55353209e-06
51    -4.54648596e-07
52    3.1429238e-16
53    8.93186698e-09
54    1.29004453e-07
55    2.76467931e-07
56    3.22629805e-06
57    7.12053972e-06
58    0.000120334105
59    1.4459022e-05
60    3.51000444e-05
61    -2.16319176e-05
62    -2.46134201e-15
63    -0.000446165261
64    0.000453438542
65    -0.000272765472
66    9.86845413e-16
67    0.000890616689
68    -0.000469356152
69    0.000285867797
70    -6.32351415e-15
71    0.00214875208
72    -0.00270474138
73    0.00173895355
74    -4.94768476e-14
75    -0.00139372635
76    -0.000107736129
77    -0.000232203413
78    -5.70462439e-15
79    0.000243925925
80    6.14600087e-16
81    8.00370699e-05
82    1.09921123e-15
83    -0.000127607199
84    -0.00104384943
85    -0.00794069115
86    -0.0389355527
87    -0.132509628
88    -0.32796477
89    -0.155520532
90    -0.471287974
91    -0.00159310097
92    0.00097507895
93    -9.9101557e-16
94    -0.00493927279
95    0.000742638625
96    -0.000452854939
97    -7.09890637e-16
98    0.000586064963
99    -0.000409156402
100    0.000250309675
101    -5.11314239e-15
102    -0.00323898187
103    -0.000235878296
104    0.000142289864
105    5.65078504e-15
106    -0.00755135693
107    -0.00139664768
108    0.000692649876
109    -4.64003263e-15
110    -8.60929132e-05
111    7.73375887e-16
112    7.52547714e-05
113    -1.85221715e-16
114    4.74858737e-05
115    8.05976728e-10
116    -1.99483127e-09
117    5.03813749e-08
118    -6.6358224e-08
119    1.66622692e-06
120    6.42704063e-06
121    -3.32381821e-06
122    -2.02051937e-06
123    -5.40397886e-07
124    1.8902193e-15
125    -1.63592604e-05
126    1.14189602e-05
127    -2.51755364e-06
128    -1.0066926e-15
129    -6.11681545e-05
130    -0.000237056667
131    -0.000157583116
132    9.57066479e-15
133    0.00186108767
134    -0.00111998535
135    -0.000399676145
136    -6.86013676e-14
137    0.000408341952
138    -0.000173955456
139    0.000253093577
140    -4.4986297e-14
141    -3.75717952e-06
142    9.11857262e-16
143    4.9206455e-07
144    1.1413996e-15
145    -5.53149108e-06
146    2.13887151e-07
147    1.62271744e-06
148    7.98791693e-06
149    2.70659563e-05
150    6.80509189e-05
151    3.55114304e-05
152    9.41687147e-05
153    -1.98986224e-06
154    -8.35234208e-11
155    7.19157201e-16
156    -1.0490174e-05
157    5.69651879e-06
158    3.6944056e-07
159    2.90590007e-15
160    9.25120826e-05
161    -5.61357704e-05
162    -2.41666681e-05
163    -1.10511903e-15
164    0.000456145374
165    -4.23136205e-05
166    -7.2202795e-05
167    9.35508354e-15
168    0.0023846772
169    -0.000383426497
170    -7.94691498e-05
171    1.52355533e-14
172    1.59259993e-06
173    1.66500355e-16
174    -1.2896341e-06
175    5.21247656e-17
176    4.35294028e-07
177    1.31332468e-09
178    -2.50711529e-08
179    1.26536312e-07
180    -5.51540047e-07
181    6.80478244e-06
182    2.76146939e-05
183    -1.88677679e-05
184    -1.67396942e-05
185    1.49312389e-06
186    -1.76882889e-15
187    -3.91900421e-05
188    5.50638213e-05
189    5.54660973e-07
190    5.76604411e-15
191    -2.09127745e-05
192    -1.33792006e-05
193    1.89729022e-05
194    -1.40714018e-14
195    -0.000191356074
196    3.864442e-05
197    -0.000213111338
198    4.14468371e-14
199    0.00142354828
200    -0.00233593249
201    7.26747548e-05
202    4.41546447e-14
203    -3.90339939e-06
204    3.69893625e-16
205    4.50215288e-06
206    1.2206724e-15
207    -3.15221664e-05
208    1.31334585e-09
209    -2.761348e-08
210    1.32261518e-07
211    -6.03474009e-07
212    7.26491387e-06
213    2.95948189e-05
214    -2.0219e-05
215    -8.70029461e-06
216    1.47645734e-05
217    -3.01551851e-15
218    -4.43335205e-05
219    2.37702273e-05
220    -5.128939e-05
221    1.79634669e-15
222    8.04074406e-06
223    -7.63726325e-06
224    1.93337224e-05
225    -1.5892229e-14
226    -0.000193665179
227    5.9152971e-05
228    1.38546427e-05
229    3.69046261e-14
230    0.00192129365
231    -0.000379408174
232    0.000770545155
233    1.41764521e-14
234    2.04184901e-05
235    -2.09212138e-16
236    4.10664259e-06
237    -2.53826654e-17
238    2.38387426e-05
239    -3.49678854e-11
240    -2.73869582e-10
241    -1.39666477e-09
242    -1.68081059e-09
243    6.62375912e-08
244    1.07876277e-06
245    -2.89940298e-07
246    -1.28785341e-06
247    4.78361185e-08
248    -4.49159334e-16
249    6.39117675e-08
250    1.35114318e-05
251    -1.03958484e-06
252    -5.43556896e-16
253    -0.000236670591
254    0.000144708912
255    -7.9338806e-05
256    -5.27277986e-15
257    -0.00307537404
258    0.000723841701
259    -0.000413196783
260    5.28310633e-14
261    0.000115357499
262    0.000110744061
263    0.000282371342
264    2.88796347e-14
265    -5.76976599e-06
266    3.09140593e-16
267    -1.28830257e-06
268    6.45449194e-16
269    -3.13652969e-07
270    -5.92868097e-07
271    -2.44028883e-05
272    -5.53497315e-05
273    -7.00450974e-05
274    3.62333189e-06
275    -2.51530897e-06
276    1.18799365e-16
Sym=X
Ene=0.015689
Spin=Alpha
Occup=1
1    1.6932371e-09
2    -1.15905962e-08
3    1.2212306e-07
4    -2.9844761e-07
5    4.76289093e-06
6    1.86067351e-05
7    -1.06965415e-05
8    9.78495327e-07
9    2.4507797e-06
10    6.87539403e-17
11    -4.9723378e-05
12    -1.37329761e-05
13    -1.53513453e-05
14    8.37710167e-16
15    0.000334666244
16    2.98682627e-05
17    0.000200362472
18    5.08129228e-15
19    -0.00206601856
20    -0.000440775947
21    0.00023195777
22    -4.95110675e-14
23    -0.000666105884
24    -0.000276434223
25    -4.81834005e-05
26    1.07344516e-13
27    -1.41445508e-05
28    1.33903343e-17
29    -3.57287303e-06
30    1.51010193e-16
31    7.91314977e-06
32    -3.58326055e-07
33    -2.50732377e-05
34    7.44294876e-06
35    -0.000122462457
36    -7.91824113e-07
37    -1.89994599e-06
38    2.32650423e-16
39    1.494873e-06
40    7.42477014e-06
41    0.000162243574
42    0.000300188747
43    -3.05062464e-06
44    3.1391322e-06
45    -1.57511326e-16
46    -7.16171757e-06
47    3.40732342e-08
48    -7.45925066e-06
49    -0.000118719261
50    5.13091357e-06
51    1.04331286e-06
52    5.33220844e-17
53    9.20299047e-10
54    -1.94325835e-09
55    5.67986851e-08
56    -6.73235498e-08
57    1.87951564e-06
58    7.41971568e-06
59    -3.73331541e-06
60    6.19119423e-07
61    -6.07381919e-07
62    -8.11977584e-16
63    -2.13074134e-05
64    -4.90323642e-06
65    -2.60297691e-06
66    2.8430033e-15
67    4.61277248e-05
68    0.000266144786
69    -0.000110915356
70    -3.51922883e-15
71    0.000985681469
72    0.00115051895
73    -0.000124556782
74    -1.82569199e-14
75    0.00107049576
76    0.000245119466
77    0.000436988746
78    -5.26068665e-14
79    3.23552997e-06
80    -4.9520731e-16
81    -1.45681425e-06
82    -3.40953757e-16
83    -5.06670065e-06
84    -5.07279044e-07
85    -3.86187825e-06
86    -1.8914799e-05
87    -6.44534275e-05
88    -0.000158801105
89    -7.3058855e-05
90    -0.000230684078
91    1.02717547e-06
92    1.06238854e-06
93    6.25356617e-16
94    -1.09816177e-05
95    -5.49630243e-06
96    -1.44757255e-06
97    -1.45133627e-15
98    7.78115832e-05
99    4.94582089e-05
100    -1.92427219e-05
101    4.88540405e-15
102    0.000450891071
103    2.55369302e-05
104    -8.50077586e-05
105    -6.23585624e-15
106    0.00248568439
107    0.000388529856
108    -8.55844672e-05
109    2.06942777e-14
110    -1.74117086e-06
111    -5.71411016e-17
112    -1.08562793e-06
113    -3.33668124e-16
114    8.8179679e-08
115    7.87232676e-09
116    1.20478007e-07
117    2.34467542e-07
118    3.05078461e-06
119    6.34162464e-06
120    0.000112880738
121    1.46995676e-05
122    -3.22220687e-05
123    -2.49244592e-05
124    4.47321436e-16
125    -0.000416076751
126    -0.000433484388
127    -0.000287157352
128    -3.15511611e-15
129    0.000803772989
130    0.000326906798
131    0.000212118336
132    3.99746151e-15
133    0.000397351045
134    0.00317624232
135    0.00166076479
136    -7.30251249e-14
137    -0.000189758855
138    0.00043978718
139    -0.000744469869
140    6.40856007e-14
141    -0.000248848649
142    -5.73668934e-16
143    7.36605312e-05
144    -3.9745661e-16
145    -0.000112532337
146    -0.00104385833
147    -0.00794075984
148    -0.0389358831
149    -0.132510461
150    -0.327965259
151    -0.155500062
152    -0.471306855
153    0.00155769703
154    0.000937586958
155    -1.08678668e-15
156    -0.00493805092
157    -0.000723771393
158    -0.000434260791
159    5.67158198e-16
160    0.000639133233
161    0.000388872552
162    0.00022357924
163    -6.57400167e-15
164    -0.00301995151
165    0.000150982421
166    0.000147199779
167    1.35339259e-14
168    -0.00642841243
169    0.0011952784
170    0.000375759156
171    4.19731528e-15
172    9.17412169e-05
173    -6.03851934e-17
174    0.000107304272
175    1.79894851e-16
176    4.55160886e-05
177    7.82756425e-10
178    -2.43703984e-08
179    9.54613941e-08
180    -5.21949924e-07
181    5.81990626e-06
182    2.40252156e-05
183    -1.69606513e-05
184    1.73684129e-05
185    -1.30661371e-06
186    -7.64832725e-16
187    -2.40990737e-05
188    -5.70220004e-05
189    8.66696534e-06
190    4.45939835e-16
191    -0.000123109004
192    4.83466069e-05
193    5.73222632e-05
194    -6.75799874e-15
195    0.000144533895
196    9.84013206e-05
197    -9.73987883e-05
198    3.0222694e-14
199    0.00217611501
200    0.00283049407
201    -5.58519981e-05
202    2.77341031e-14
203    1.23791856e-05
204    -6.30158373e-16
205    6.28355326e-06
206    -2.56316979e-16
207    -2.84406206e-05
208    1.69996158e-10
209    -3.73120446e-09
210    1.79964026e-08
211    -8.12099435e-08
212    9.38271467e-07
213    3.69799679e-06
214    -2.37106583e-06
215    5.096591e-07
216    -5.70531577e-07
217    -3.45008846e-16
218    -2.6446911e-06
219    -4.07281656e-06
220    2.59162734e-06
221    3.47811644e-15
222    -0.000117877193
223    -9.70277326e-05
224    -3.26995634e-05
225    -5.566876e-15
226    -0.000668079246
227    -0.000250143645
228    -3.27396185e-05
229    3.1495578e-14
230    -2.40213562e-05
231    -0.000256430899
232    0.000122362212
233    -9.75609963e-15
234    4.02677143e-06
235    -8.16708615e-17
236    -4.79497585e-07
237    -2.40199638e-16
238    1.42944495e-06
239    -1.39437442e-09
240    -1.86092948e-08
241    -3.94102667e-08
242    -3.42912036e-07
243    1.34297615e-06
244    1.0336413e-05
245    -7.16974078e-06
246    7.90762633e-06
247    1.38878879e-05
248    -9.59620451e-16
249    -7.68671306e-06
250    -2.12633002e-05
251    -7.06303669e-05
252    3.96502051e-15
253    -0.000178687516
254    0.000131112207
255    2.15424893e-05
256    -1.09014345e-14
257    0.00348270147
258    -0.00170319584
259    7.3419847e-05
260    7.57799728e-14
261    -0.000497218399
262    -0.000309554932
263    -0.000174512991
264    -1.22006726e-13
265    -3.97250664e-05
266    -2.03669181e-16
267    -2.20718923e-08
268    1.97574087e-16
269    3.96679186e-05
270    -5.69262417e-06
271    -5.35556068e-05
272    6.9052701e-05
273    0.000960471623
274    1.47207072e-05
275    -6.0418607e-06
276    1.37855668e-16
Sym=X
Ene=0.011854
Spin=Alpha
Occup=1
1    -8.11492426e-10
2    1.71562878e-09
3    -5.00743647e-08
4    5.90032987e-08
5    -1.66755969e-06
6    -6.64904866e-06
7    3.33037426e-06
8    1.62110903e-06
9    -6.17549189e-07
10    7.76238551e-16
11    1.94396025e-05
12    -1.66791279e-05
13    5.42393857e-06
14    2.53455658e-15
15    -0.000149445074
16    -2.65907106e-05
17    -0.000148461974
18    -5.99294552e-16
19    -0.0028812165
20    5.51518556e-06
21    -0.00121471271
22    4.83723865e-14
23    -0.000315053232
24    -0.000236486694
25    0.000201673602
26    9.33067965e-15
27    -7.61222164e-06
28    -1.04504161e-16
29    2.71513376e-06
30    -4.3727905e-16
31    -4.78228392e-06
32    6.87852869e-06
33    -1.15108245e-05
34    -2.50940099e-05
35    9.53820844e-05
36    3.36432854e-06
37    -8.15607257e-06
38    1.05966105e-15
39    1.2639848e-06
40    -1.95988408e-05
41    -0.000111654264
42    -0.000764729588
43    -1.12521636e-06
44    -3.57541037e-06
45    2.5825817e-16
46    5.55114872e-06
47    9.54605754e-07
48    -9.75661377e-05
49    0.000125569111
50    8.55285973e-06
51    4.54511937e-07
52    -3.1429935e-16
53    -8.9319871e-09
54    -1.29004193e-07
55    -2.76475357e-07
56    -3.22628909e-06
57    -7.12078555e-06
58    -0.000120335071
59    -1.44585324e-05
60    -3.51001239e-05
61    2.16319961e-05
62    2.46144824e-15
63    0.000446168032
64    -0.000453437879
65    0.000272765801
66    -9.87217703e-16
67    -0.000890622689
68    0.000469321275
69    -0.000285853258
70    6.32397476e-15
71    -0.00214888107
72    0.00270459058
73    -0.00173893716
74    4.94792364e-14
75    0.00139358609
76    0.000107704022
77    0.000232146172
78    5.71151382e-15
79    -0.000243926338
80    -6.14535204e-16
81    -8.00368755e-05
82    -1.09916652e-15
83    0.000127607857
84    0.00104384945
85    0.0079406913
86    0.0389355534
87    0.13250963
88    0.327964776
89    0.155520535
90    0.471287983
91    0.00159310076
92    -0.000975079045
93    9.90933625e-16
94    0.00493927401
95    -0.000742637871
96    0.000452855108
97    7.1008068e-16
98    -0.000586075127
99    0.000409149906
100    -0.000250307144
101    5.11250234e-15
102    0.00323892267
103    0.000235874941
104    -0.000142278724
105    -5.6499681e-15
106    0.00755103105
107    0.00139659673
108    -0.000692638636
109    4.63732219e-15
110    8.60931373e-05
111    -7.73368368e-16
112    -7.52546258e-05
113    1.85265405e-16
114    -4.74858831e-05
115    -8.07007695e-10
116    1.97905272e-09
117    -5.04120798e-08
118    6.59586733e-08
119    -1.66705738e-06
120    -6.44182382e-06
121    3.32189292e-06
122    2.02473926e-06
123    5.43662107e-07
124    -1.8902778e-15
125    1.64137514e-05
126    -1.13621881e-05
127    2.55516124e-06
128    1.00710576e-15
129    6.10628852e-05
130    0.000237013843
131    0.000157555328
132    -9.57118789e-15
133    -0.00186113962
134    0.00111956932
135    0.000399458624
136    6.86109282e-14
137    -0.000408317081
138    0.000173897851
139    -0.000252996066
140    4.4977902e-14
141    3.78976995e-06
142    -9.11782089e-16
143    -5.01711519e-07
144    -1.14134749e-15
145    5.54622869e-06
146    -7.71776626e-08
147    -5.827514e-07
148    -2.88865729e-06
149    -9.71164982e-06
150    -2.50987658e-05
151    -1.51462779e-05
152    -3.24437498e-05
153    1.7858575e-06
154    -1.22708067e-07
155    -7.19014836e-16
156    1.1136888e-05
157    -5.60172941e-06
158    -3.1256734e-07
159    -2.90597421e-15
160    -9.25957829e-05
161    5.6084839e-05
162    2.41373858e-05
163    1.10597994e-15
164    -0.000455749844
165    4.22938451e-05
166    7.21835137e-05
167    -9.35685559e-15
168    -0.00238383519
169    0.000383269939
170    7.94199347e-05
171    -1.52361023e-14
172    -1.60461479e-06
173    -1.66492439e-16
174    1.27558088e-06
175    -5.21483233e-17
176    -4.41255048e-07
177    -1.31342714e-09
178    2.50743434e-08
179    -1.26548808e-07
180    5.51608379e-07
181    -6.80554434e-06
182    -2.76178391e-05
183    1.88699884e-05
184    1.67374188e-05
185    -1.4929527e-06
186    1.76892898e-15
187    3.91931965e-05
188    -5.50563508e-05
189    -5.55796022e-07
190    -5.76610225e-15
191    2.09288966e-05
192    1.33728683e-05
193    -1.89804086e-05
194    1.40722862e-14
195    0.000191337136
196    -3.86573054e-05
197    0.000213124084
198    -4.14507933e-14
199    -0.00142383321
200    0.00233556168
201    -7.26674368e-05
202    -4.41582749e-14
203    3.90177797e-06
204    -3.6981108e-16
205    -4.5029756e-06
206    -1.22063878e-15
207    3.15258897e-05
208    -1.31336805e-09
209    2.76139674e-08
210    -1.32263869e-07
211    6.03484617e-07
212    -7.26503642e-06
213    -2.95953018e-05
214    2.02193096e-05
215    8.70022747e-06
216    -1.4764498e-05
217    3.01556356e-15
218    4.43338649e-05
219    -2.37696928e-05
220    5.12890483e-05
221    -1.79680212e-15
222    -8.02530584e-06
223    7.64997019e-06
224    -1.9329439e-05
225    1.58929574e-14
226    0.000193752666
227    -5.91202081e-05
228    -1.38503543e-05
229    -3.69087492e-14
230    -0.00192129041
231    0.00037944174
232    -0.000770561145
233    -1.41751737e-14
234    -2.04190166e-05
235    2.09222824e-16
236    -4.10657961e-06
237    2.54141221e-17
238    -2.38389288e-05
239    3.51504988e-11
240    2.76306746e-10
241    1.40182609e-09
242    1.72572018e-09
243    -6.64134718e-08
244    -1.08011644e-06
245    2.90879274e-07
246    1.28681772e-06
247    -4.96549512e-08
248    4.49284991e-16
249    -6.290507e-08
250    -1.35086465e-05
251    1.04883494e-06
252    5.43037591e-16
253    0.000236693982
254    -0.000144726077
255    7.93359811e-05
256    5.27420733e-15
257    0.00307491779
258    -0.000723618608
259    0.000413187149
260    -5.28409854e-14
261    -0.000115292375
262    -0.000110703515
263    -0.000282348474
264    -2.88636547e-14
265    5.77496834e-06
266    -3.09113905e-16
267    1.2883054e-06
268    -6.4547504e-16
269    3.08457824e-07
270    5.93613608e-07
271    2.44099011e-05
272    5.53406855e-05
273    6.99193056e-05
274    -3.62525963e-06
275    2.51610013e-06
276    -1.18817414e-16
Sym=X
Ene=9e-06
Spin=Alpha
Occup=1
1    -8.74190609e-10
2    2.14755318e-09
3    -5.46024449e-08
4    7.01143846e-08
5    -1.84436195e-06
6    -7.33964928e-06
7    3.72773435e-06
8    1.58338456e-06
9    -7.0869577e-07
10    7.7311498e-16
11    2.12839237e-05
12    -1.61540085e-05
13    5.99375748e-06
14    2.50144121e-15
15    -0.000161845108
16    -2.76879259e-05
17    -0.000155843677
18    -7.8875839e-16
19    -0.00280195083
20    2.19833751e-05
21    -0.00122251391
22    5.01881174e-14
23    -0.000289935428
24    -0.000225987303
25    0.000203330269
26    5.31247323e-15
27    -7.07819454e-06
28    -1.04929958e-16
29    2.84671626e-06
30    -4.42610224e-16
31    -5.07459e-06
32    6.88700877e-06
33    -1.05656008e-05
34    -2.5354243e-05
35    9.98905013e-05
36    3.39151768e-06
37    -8.07924724e-06
38    1.0502102e-15
39    1.20721787e-06
40    -1.98623177e-05
41    -0.000117637713
42    -0.000775401898
43    -1.0104089e-06
44    -3.69016947e-06
45    2.63960106e-16
46    5.8148243e-06
47    9.52650883e-07
48    -9.72177239e-05
49    0.00012991609
50    8.35500744e-06
51    4.15198061e-07
52    -3.16067646e-16
53    -8.96000249e-09
54    -1.28839471e-07
55    -2.78400581e-07
56    -3.22146979e-06
57    -7.18594066e-06
58    -0.00012052644
59    -1.43086931e-05
60    -3.50982016e-05
61    2.16392506e-05
62    2.49003513e-15
63    0.00044664577
64    -0.000452930915
65    0.000272668338
66    -1.09275805e-15
67    -0.000891710669
68    0.000459040179
69    -0.000281504187
70    6.45097605e-15
71    -0.00218418256
72    0.00265966392
73    -0.00173304089
74    5.01261861e-14
75    0.00135258593
76    9.84668302e-05
77    0.000215649838
78    7.67339414e-15
79    -0.000243873104
80    -5.95590196e-16
81    -7.9925292e-05
82    -1.08564009e-15
83    0.000127706099
84    0.00104312317
85    0.00793516647
86    0.0389084627
87    0.132417435
88    0.327736564
89    0.155412233
90    0.470960134
91    0.001591925
92    -0.000974422602
93    9.66856116e-16
94    0.00493615807
95    -0.000741902274
96    0.000452585895
97    7.6381125e-16
98    -0.000588564584
99    0.000407009508
100    -0.000249409325
101    4.92628113e-15
102    0.00321976015
103    0.000234752207
104    -0.000139000343
105    -5.41289577e-15
106    0.0074527482
107    0.00138108
108    -0.00068894578
109    3.86065078e-15
110    8.60967411e-05
111    -7.70680826e-16
112    -7.5160328e-05
113    1.97602565e-16
114    -4.74552765e-05
115    -1.10062629e-09
116    -2.5247135e-09
117    -5.91383163e-08
118    -4.80985215e-08
119    -1.90285847e-06
120    -1.06556624e-05
121    2.77018746e-06
122    3.22745655e-06
123    1.47471966e-06
124    -1.905645e-15
125    3.19511326e-05
126    4.84555983e-06
127    1.32846222e-05
128    1.12429581e-15
129    3.09816919e-05
130    0.000224627878
131    0.000149515823
132    -9.71374279e-15
133    -0.00187466019
134    0.00100007147
135    0.000337109412
136    7.12909479e-14
137    -0.000400934138
138    0.000157338523
139    -0.000224994046
140    4.25508637e-14
141    1.30867246e-05
142    -8.89692697e-16
143    -3.25410252e-06
144    -1.12567939e-15
145    9.74768668e-06
146    3.89326447e-05
147    0.000296169804
148    0.0014521765
149    0.00494231041
150    0.0122312264
151    0.00579601825
152    0.0175806693
153    -5.64277213e-05
154    -3.51609469e-05
155    -6.77887474e-16
156    0.000195667596
157    2.14501486e-05
158    1.59163066e-05
159    -2.92509466e-15
160    -0.000116414563
161    4.15123396e-05
162    1.57648296e-05
163    1.35086571e-15
164    -0.000342566619
165    3.66213239e-05
166    6.66310133e-05
167    -9.85594833e-15
168    -0.0021418987
169    0.00033832786
170    6.53208329e-05
171    -1.53820815e-14
172    -5.03190714e-06
173    -1.64116934e-16
174    -2.73537077e-06
175    -5.88338979e-17
176    -2.14191032e-06
177    -1.34174162e-09
178    2.5967182e-08
179    -1.30025924e-07
180    5.70720225e-07
181    -7.01817987e-06
182    -2.8495962e-05
183    1.94903486e-05
184    1.60763988e-05
185    -1.44305769e-06
186    1.79624845e-15
187    4.00658155e-05
188    -5.28860892e-05
189    -8.79290201e-07
190    -5.77865072e-15
191    2.55146303e-05
192    1.1556572e-05
193    -2.11090337e-05
194    1.43147909e-14
195    0.000185799194
196    -4.23070375e-05
197    0.000216611792
198    -4.25506448e-14
199    -0.00150413973
200    0.00222811656
201    -7.05283259e-05
202    -4.51631929e-14
203    3.43637291e-06
204    -3.45997568e-16
205    -4.73458185e-06
206    -1.21018856e-15
207    3.25662295e-05
208    -1.31878327e-09
209    2.77336907e-08
210    -1.3284198e-07
211    6.06088644e-07
212    -7.29491355e-06
213    -2.97123696e-05
214    2.02934828e-05
215    8.67496971e-06
216    -1.47326359e-05
217    3.02630388e-15
218    4.44010474e-05
219    -2.36005185e-05
220    5.11555801e-05
221    -1.92549913e-15
222    -3.61441734e-06
223    1.12705076e-05
224    -1.80936319e-05
225    1.60896491e-14
226    0.00021858096
227    -4.97299447e-05
228    -1.26169619e-05
229    -3.8059412e-14
230    -0.00191902104
231    0.000388753857
232    -0.000774583781
233    -1.38004608e-14
234    -2.05549222e-05
235    2.12125554e-16
236    -4.08572858e-06
237    3.43724183e-17
238    -2.38753287e-05
239    8.72342193e-11
240    9.71552756e-10
241    2.87361644e-09
242    1.45393676e-08
243    -1.16554081e-07
244    -1.46562479e-06
245    5.58610184e-07
246    9.90385102e-07
247    -5.68620267e-07
248    4.84825964e-16
249    2.24398061e-07
250    -1.27043767e-05
251    3.68759581e-06
252    3.94474112e-16
253    0.000243202684
254    -0.000149522513
255    7.84742813e-05
256    5.67783665e-15
257    0.00294257133
258    -0.000659452287
259    0.000410148405
260    -5.56352146e-14
261    -9.66286398e-05
262    -9.90561805e-05
263    -0.000275625214
264    -2.42835652e-14
265    7.25540084e-06
266    -3.01281948e-16
267    1.28821048e-06
268    -6.52397703e-16
269    -1.1741822e-06
270    8.05927431e-07
271    2.63938871e-05
272    5.27206246e-05
273    3.39758441e-05
274    -4.17279527e-06
275    2.74009265e-06
276    -1.23884355e-16
Sym=X
Ene=0.020785
Spin=Alpha
Occup=1
1    8.12134223e-10
2    -1.7200229e-09
3    5.01206556e-08
4    -5.91164401e-08
5    1.66936513e-06
6    6.65610179e-06
7    -3.33442904e-06
8    -1.62073767e-06
9    6.18478248e-07
10    -7.76212306e-16
11    -1.94584504e-05
12    1.66739173e-05
13    -5.42975771e-06
14    -2.53423839e-15
15    0.000149571927
16    2.6602029e-05
17    0.000148537906
18    6.01220961e-16
19    0.00288043252
20    -5.68230221e-06
21    0.00121480038
22    -4.83911474e-14
23    0.000314800609
24    0.000236381831
25    -0.000201691824
26    -9.28997841e-15
27    7.60685707e-06
28    1.04509214e-16
29    -2.71648778e-06
30    4.37336205e-16
31    4.78528306e-06
32    -6.87866298e-06
33    1.15013154e-05
34    2.50968262e-05
35    -9.54284936e-05
36    -3.36462799e-06
37    8.15535035e-06
38    -1.0595726e-15
39    -1.26341774e-06
40    1.96016514e-05
41    0.000111715752
42    0.000764843229
43    1.12405947e-06
44    3.57659974e-06
45    -2.58317831e-16
46    -5.55386278e-06
47    -9.54592617e-07
48    9.75632873e-05
49    -0.000125614094
50    -8.55091242e-06
51    -4.54116267e-07
52    3.14319495e-16
53    8.93233399e-09
54    1.29003427e-07
55    2.76496829e-07
56    3.22626283e-06
57    7.12149653e-06
58    0.000120337857
59    1.44571136e-05
60    3.51003506e-05
61    -2.16322215e-05
62    -2.46175553e-15
63    -0.000446176009
64    0.000453435916
65    -0.000272766725
66    9.88295388e-16
67    0.000890639975
68    -0.00046922026
69    0.00028581114
70    -6.32530761e-15
71    0.0021492543
72    -0.00270415375
73    0.00173888954
74    -4.94861472e-14
75    -0.0013931799
76    -0.000107611062
77    -0.000231980437
78    -5.73145814e-15
79    0.000243927509
80    6.14347308e-16
81    8.00363049e-05
82    1.099037e-15
83    -0.000127609748
84    -0.00104384941
85    -0.00794069095
86    -0.0389355517
87    -0.132509624
88    -0.327964761
89    -0.155520527
90    -0.471287963
91    -0.00159310001
92    0.000975079225
93    -9.90696298e-16
94    -0.00493927704
95    0.000742635618
96    -0.000452855554
97    -7.10630785e-16
98    0.000586104495
99    -0.000409131061
100    0.000250299791
101    -5.1106489e-15
102    -0.00323875098
103    -0.000235865205
104    0.000142246462
105    5.64760252e-15
106    -0.00755008689
107    -0.00139644911
108    0.000692606029
109    -4.629475e-15
110    -8.60937778e-05
111    7.73346527e-16
112    7.5254197e-05
113    -1.85391872e-16
114    4.74859057e-05
115    8.09992263e-10
116    -1.93337365e-09
117    5.05009654e-08
118    -6.48019691e-08
119    1.66946139e-06
120    6.4846205e-06
121    -3.3163189e-06
122    -2.03695563e-06
123    -5.53111962e-07
124    1.89044697e-15
125    -1.6571501e-05
126    1.11978322e-05
127    -2.66403488e-06
128    -1.00830178e-15
129    -6.07581249e-05
130    -0.000236889844
131    -0.000157474869
132    9.57270132e-15
133    0.00186128985
134    -0.00111836481
135    -0.000398828862
136    -6.86385997e-14
137    0.000408245042
138    -0.000173731068
139    0.000252713746
140    -4.4953594e-14
141    -3.88411876e-06
142    9.11564378e-16
143    5.29639413e-07
144    1.14119654e-15
145    -5.58889348e-06
146    -3.18595822e-07
147    -2.42794659e-06
148    -1.18736813e-05
149    -4.05290057e-05
150    -9.92475649e-05
151    -4.38107666e-05
152    -0.000146249804
153    -1.19526436e-06
154    4.78189265e-07
155    7.18602623e-16
156    -1.30091219e-05
157    5.32731397e-06
158    1.47919545e-07
159    2.90618858e-15
160    9.28380858e-05
161    -5.59373872e-05
162    -2.40526114e-05
163    -1.10847219e-15
164    0.000454604741
165    -4.22365913e-05
166    -7.21276872e-05
167    9.36198477e-15
168    0.00238139735
169    -0.000382816668
170    -7.92774494e-05
171    1.52376902e-14
172    1.63939763e-06
173    1.66469506e-16
174    -1.23489673e-06
175    5.22165176e-17
176    4.58512136e-07
177    1.31372361e-09
178    -2.50835776e-08
179    1.26584973e-07
180    -5.51806148e-07
181    6.80774938e-06
182    2.76269418e-05
183    -1.88764146e-05
184    -1.67308298e-05
185    1.49245696e-06
186    -1.76921856e-15
187    -3.92023246e-05
188    5.50347187e-05
189    5.5908193e-07
190    5.76627001e-15
191    -2.0975568e-05
192    -1.33545349e-05
193    1.90021377e-05
194    -1.40748452e-14
195    -0.000191282293
196    3.86946049e-05
197    -0.000213160964
198    4.14622426e-14
199    0.00142465795
200    -0.00233448798
201    7.26462442e-05
202    4.41687801e-14
203    -3.89708358e-06
204    3.69572074e-16
205    4.50535695e-06
206    1.22054132e-15
207    -3.15366656e-05
208    1.3134322e-09
209    -2.76153758e-08
210    1.32270662e-07
211    -6.0351527e-07
212    7.26539051e-06
213    2.95966972e-05
214    -2.0220204e-05
215    -8.70003225e-06
216    1.47642783e-05
217    -3.01569368e-15
218    -4.43348575e-05
219    2.37681432e-05
220    -5.1288054e-05
221    1.79812042e-15
222    7.98061149e-06
223    -7.68675601e-06
224    1.93170367e-05
225    -1.58950644e-14
226    -0.00019400592
227    5.90253539e-05
228    1.3837938e-05
229    3.69206822e-14
230    0.00192128087
231    -0.000379538878
232    0.000770607363
233    1.41714715e-14
234    2.04205387e-05
235    -2.09253742e-16
236    4.10639687e-06
237    -2.55051868e-17
238    2.38394653e-05
239    -3.56791606e-11
240    -2.833623e-10
241    -1.41676797e-09
242    -1.8557331e-09
243    6.6922639e-08
244    1.08403519e-06
245    -2.93597578e-07
246    -1.28381929e-06
247    5.49204604e-08
248    -4.49648723e-16
249    5.99906784e-08
250    1.35005815e-05
251    -1.07561384e-06
252    -5.4153415e-16
253    -0.000236761677
254    0.000144775754
255    -7.93277953e-05
256    -5.27833935e-15
257    -0.00307359664
258    0.000722972685
259    -0.000413159218
260    5.2869705e-14
261    0.000115103831
262    0.000110586124
263    0.000282282244
264    2.88173899e-14
265    -5.79002857e-06
266    3.09036615e-16
267    -1.28831348e-06
268    6.45549802e-16
269    -2.93417869e-07
270    -5.95771801e-07
271    -2.44302009e-05
272    -5.53144919e-05
273    -6.95551318e-05
274    3.63084008e-06
275    -2.5183903e-06
276    1.18869654e-16
Sym=X
Ene=0.020154
Spin=Alpha
Occup=1
1    8.11810587e-10
2    -1.71780703e-09
3    5.00973126e-08
4    -5.90593853e-08
5    1.6684547e-06
6    6.6525451e-06
7    -3.33238433e-06
8    -1.62092497e-06
9    6.18009746e-07
10    -7.76225555e-16
11    -1.9448946e-05
12    1.66765453e-05
13    -5.42682329e-06
14    -2.53439889e-15
15    0.000149507959
16    2.65963218e-05
17    0.000148499617
18    6.00249508e-16
19    0.00288082792
20    -5.59802747e-06
21    0.00121475619
22    -4.83816874e-14
23    0.000314928009
24    0.000236434716
25    -0.000201682639
26    -9.3105037e-15
27    7.60956249e-06
28    1.04506668e-16
29    -2.71580501e-06
30    4.3730739e-16
31    4.78377072e-06
32    -6.87859538e-06
33    1.15061109e-05
34    2.50954064e-05
35    -9.54050917e-05
36    -3.36447704e-06
37    8.1557147e-06
38    -1.05961722e-15
39    -1.26370373e-06
40    1.96002344e-05
41    0.000111684746
42    0.000764785935
43    1.12464289e-06
44    3.57600002e-06
45    -2.58287749e-16
46    -5.55249422e-06
47    -9.54599259e-07
48    9.75647265e-05
49    -0.000125591412
50    -8.55189457e-06
51    -4.54315806e-07
52    3.14309341e-16
53    8.93215922e-09
54    1.29003816e-07
55    2.76486006e-07
56    3.22627613e-06
57    7.12113812e-06
58    0.000120336454
59    1.44578294e-05
60    3.51002369e-05
61    -2.16321082e-05
62    -2.46160061e-15
63    -0.000446171994
64    0.000453436914
65    -0.000272766264
66    9.87751943e-16
67    0.000890631274
68    -0.000469271209
69    0.000285832385
70    -6.32463558e-15
71    0.00214906612
72    -0.00270437408
73    0.00173891358
74    -4.94826631e-14
75    -0.00139338476
76    -0.000107657942
77    -0.000232064019
78    -5.72140057e-15
79    0.000243926923
80    6.14442073e-16
81    8.00365941e-05
82    1.09910234e-15
83    -0.000127608797
84    -0.00104384945
85    -0.00794069127
86    -0.0389355533
87    -0.13250963
88    -0.327964775
89    -0.155520534
90    -0.471287982
91    -0.00159310042
92    0.000975079152
93    -9.90815997e-16
94    -0.0049392756
95    0.000742636768
96    -0.000452855337
97    -7.10353386e-16
98    0.000586089696
99    -0.000409140571
100    0.000250303503
101    -5.11158366e-15
102    -0.00323883762
103    -0.000235870119
104    0.000142262734
105    5.64879555e-15
106    -0.00755056316
107    -0.00139652358
108    0.000692622485
109    -4.63343232e-15
110    -8.60934563e-05
111    7.73357555e-16
112    7.52544146e-05
113    -1.85328099e-16
114    4.74858951e-05
115    8.08487197e-10
116    -1.95640907e-09
117    5.04561424e-08
118    -6.53852818e-08
119    1.66824911e-06
120    6.46303878e-06
121    -3.31912987e-06
122    -2.0307951e-06
123    -5.48346527e-07
124    1.89036169e-15
125    -1.64919501e-05
126    1.1280715e-05
127    -2.60913131e-06
128    -1.00769866e-15
129    -6.09118128e-05
130    -0.000236952379
131    -0.000157515446
132    9.57193829e-15
133    0.00186121413
134    -0.00111897225
135    -0.00039914645
136    -6.86246465e-14
137    0.000408281378
138    -0.000173815178
139    0.000252856121
140    -4.4965853e-14
141    -3.8365399e-06
142    9.11674183e-16
143    5.15555733e-07
144    1.14127268e-15
145    -5.56737826e-06
146    -1.19012188e-07
147    -9.09689131e-07
148    -4.42921798e-06
149    -1.51932695e-05
150    -3.65412606e-05
151    -1.40794641e-05
152    -5.61368728e-05
153    -1.49309315e-06
154    2.98924532e-07
155    7.1881051e-16
156    -1.20649779e-05
157    5.46569836e-06
158    2.30949381e-07
159    2.90608053e-15
160    9.27158971e-05
161    -5.60117463e-05
162    -2.40953625e-05
163    -1.1072154e-15
164    0.00045518221
165    -4.22654644e-05
166    -7.21558411e-05
167    9.35939836e-15
168    0.00238262677
169    -0.000383045254
170    -7.93493044e-05
171    1.52368897e-14
172    1.62185711e-06
173    1.66481074e-16
174    -1.25541326e-06
175    5.2182129e-17
176    4.4980961e-07
177    1.31357413e-09
178    -2.50789214e-08
179    1.26566738e-07
180    -5.51706426e-07
181    6.80663753e-06
182    2.76223519e-05
183    -1.88731743e-05
184    -1.67341529e-05
185    1.49270698e-06
186    -1.76907256e-15
187    -3.91977221e-05
188    5.50456285e-05
189    5.57424898e-07
190    5.76618552e-15
191    -2.09520326e-05
192    -1.33637804e-05
193    1.89911803e-05
194    -1.4073555e-14
195    -0.000191309953
196    3.86757959e-05
197    -0.000213142369
198    4.14564696e-14
199    0.00142424207
200    -0.00233502948
201    7.26569327e-05
202    4.41634832e-14
203    -3.89945097e-06
204    3.69692608e-16
205    4.50415615e-06
206    1.22059049e-15
207    -3.1531232e-05
208    1.31339987e-09
209    -2.76146661e-08
210    1.32267239e-07
211    -6.03499823e-07
212    7.26521208e-06
213    2.95959941e-05
214    -2.02197534e-05
215    -8.70013085e-06
216    1.47643894e-05
217    -3.01562812e-15
218    -4.43343577e-05
219    2.37689251e-05
220    -5.12885563e-05
221    1.79745565e-15
222    8.00315044e-06
223    -7.66820552e-06
224    1.93232914e-05
225    -1.58940022e-14
226    -0.00019387821
227    5.90731887e-05
228    1.38441996e-05
229    3.69146652e-14
230    0.00192128571
231    -0.0003794899
232    0.00077058407
233    1.41733388e-14
234    2.04197715e-05
235    -2.09238154e-16
236    4.10648909e-06
237    -2.54592645e-17
238    2.38391952e-05
239    -3.54125637e-11
240    -2.79804277e-10
241    -1.40923299e-09
242    -1.79016923e-09
243    6.66658735e-08
244    1.08205903e-06
245    -2.92226776e-07
246    -1.28533139e-06
247    5.22651307e-08
248    -4.49465305e-16
249    6.14603709e-08
250    1.35046488e-05
251    -1.06210959e-06
252    -5.42292326e-16
253    -0.000236727543
254    0.000144750705
255    -7.93319247e-05
256    -5.27625572e-15
257    -0.00307426293
258    0.000723298429
259    -0.000413173311
260    5.2855223e-14
261    0.000115198913
262    0.000110645325
263    0.000282315648
264    2.88407212e-14
265    -5.78243399e-06
266    3.09075597e-16
267    -1.28830943e-06
268    6.45512112e-16
269    -3.01002336e-07
270    -5.94683462e-07
271    -2.44199644e-05
272    -5.5327702e-05
273    -6.97387813e-05
274    3.628026e-06
275    -2.51723544e-06
276    1.18843312e-16
Sym=X
Ene=5.5e-05
Spin=Alpha
Occup=1
1    1.57432132e-10
2    -4.38912644e-09
3    1.8646281e-08
4    -1.00226986e-07
5    9.73367781e-07
6    3.6865086e-06
7    -2.54364451e-06
8    1.8937274e-06
9    7.08298091e-07
10    7.04347252e-16
11    -8.41016161e-06
12    -2.13400612e-05
13    -3.09483792e-06
14    2.61032186e-15
15    4.05570788e-05
16    -7.8115964e-06
17    -2.65999017e-05
18    2.05600782e-15
19    -0.00353128448
20    -0.000218430593
21    -0.000930281053
22    1.66529056e-14
23    -0.000609028537
24    -0.000343951183
25    0.000149552966
26    6.2402121e-14
27    -1.3727931e-05
28    -8.3358367e-17
29    5.32769965e-07
30    -3.00704593e-16
31    -1.18054699e-07
32    5.75153859e-06
33    -2.26243746e-05
34    -1.78757336e-05
35    2.0261397e-05
36    2.50091251e-06
37    -7.99694582e-06
38    1.03179858e-15
39    1.84716365e-06
40    -1.3145158e-05
41    -1.41534999e-05
42    -0.000507605611
43    -2.51522834e-06
44    -1.49441478e-06
45    1.43000807e-16
46    1.1617171e-06
47    8.40634724e-07
48    -8.79312956e-05
49    4.8194163e-05
50    9.97519481e-06
51    9.20316055e-07
52    -2.4409473e-16
53    -7.23816413e-09
54    -1.12254713e-07
55    -2.09709798e-07
56    -2.81687939e-06
57    -5.19023692e-06
58    -0.000100036328
59    -1.4361373e-05
60    -2.9961623e-05
61    1.83508233e-05
62    1.71194114e-15
63    0.000374046878
64    -0.000393589188
65    0.00023395226
66    5.88048818e-16
67    -0.000744837148
68    0.000539569283
69    -0.000302720859
70    3.67268753e-15
71    -0.0013543855
72    0.00291537353
73    -0.00156296518
74    3.34331933e-14
75    0.00174406528
76    0.000217015232
77    0.000421504379
78    -2.17111895e-14
79    -0.000208756895
80    -7.80807695e-16
81    -6.97723348e-05
82    -1.12071304e-15
83    0.000107500819
84    0.000900100712
85    0.00684717545
86    0.0335737331
87    0.11426167
88    0.282800968
89    0.134105043
90    0.406385974
91    0.00137462663
92    -0.000840502691
93    1.17136615e-15
94    0.00425474034
95    -0.00064333485
96    0.000389870785
97    -1.22416506e-16
98    -0.000466110783
99    0.000377949709
100    -0.00022564247
101    6.88344907e-15
102    0.00302199637
103    0.00021638126
104    -0.000165764321
105    -8.03083628e-15
106    0.00777166544
107    0.0014013475
108    -0.000640761493
109    1.44784388e-14
110    7.33767726e-05
111    -6.95991435e-16
112    -6.54595222e-05
113    -9.15535946e-18
114    -4.09136266e-05
115    3.29009277e-09
116    6.27112444e-08
117    7.52408065e-08
118    1.60166162e-06
119    1.7731955e-06
120    5.16010464e-05
121    1.03084024e-05
122    -1.45692882e-05
123    -1.21516136e-05
124    -1.40393041e-15
125    -0.00019652371
126    -0.00022929584
127    -0.000143198688
128    -7.28933498e-16
129    0.000459660726
130    0.000369962741
131    0.000243303594
132    -6.23137135e-15
133    -0.00140410028
134    0.00257396429
135    0.00118547842
136    2.22029911e-14
137    -0.000448272835
138    0.000372680105
139    -0.000595181741
140    7.12449041e-14
141    -0.000122736117
142    -1.07692296e-15
143    3.68653891e-05
144    -1.18570595e-15
145    -5.21971159e-05
146    -0.000528625983
147    -0.00402131968
148    -0.0197177411
149    -0.0671052706
150    -0.166087407
151    -0.078750781
152    -0.238674999
153    0.000790282863
154    0.000474642886
155    -1.17047233e-15
156    -0.00249078438
157    -0.000371314549
158    -0.000220158279
159    -2.21932543e-15
160    0.000243759
161    0.000245281452
162    0.000134029083
163    -2.3748094e-15
164    -0.00192225808
165    0.000112930159
166    0.000136795723
167    -1.21769734e-15
168    -0.00531118071
169    0.000935815282
170    0.000258768819
171    -1.10163668e-14
172    4.50692809e-05
173    -1.74181841e-16
174    5.54339321e-05
175    4.61102605e-17
176    2.26665493e-05
177    -7.36527965e-10
178    9.28752813e-09
179    -6.0815847e-08
180    2.11491785e-07
181    -2.9231067e-06
182    -1.16561682e-05
183    7.68798728e-06
184    2.32311487e-05
185    -1.94933127e-06
186    1.13849033e-15
187    2.16029308e-05
188    -7.63612617e-05
189    3.90913841e-06
190    -4.74766753e-15
191    -4.42845266e-05
192    3.60149636e-05
193    1.26539411e-05
194    8.71592735e-15
195    0.000238220119
196    1.64823617e-05
197    0.000134509123
198    -2.04494836e-14
199    -0.000126227709
200    0.00344773109
201    -9.09590221e-05
202    -2.40448857e-14
203    9.63364475e-06
204    -6.38057061e-16
205    -7.02290181e-07
206    -1.18263124e-15
207    1.27912542e-05
208    -1.04674919e-09
209    2.19287353e-08
210    -1.0496982e-07
211    4.79406327e-07
212    -5.79125904e-06
213    -2.3654522e-05
214    1.62392863e-05
215    7.76232483e-06
216    -1.30237985e-05
217    2.42633587e-15
218    3.6900404e-05
219    -2.25644897e-05
220    4.55509177e-05
221    2.11343837e-16
222    -6.6609428e-05
223    -4.25317813e-05
224    -3.32298128e-05
225    1.08894485e-14
226    -0.000171164425
227    -0.000177653953
228    -2.85241877e-05
229    -1.58872808e-14
230    -0.00166934511
231    0.000197437889
232    -0.000602678302
233    -1.71666129e-14
234    -1.55731714e-05
235    1.39108009e-16
236    -3.78486654e-06
237    -9.97048975e-17
238    -1.98381289e-05
239    -6.75725255e-10
240    -9.1845231e-09
241    -1.87463293e-08
242    -1.72145588e-07
243    6.2273422e-07
244    4.30222089e-06
245    -3.37951645e-06
246    5.11396625e-06
247    6.98932612e-06
248    -9.83810103e-17
249    -3.9464379e-06
250    -2.24183995e-05
251    -3.48591468e-05
252    2.47608416e-15
253    0.000113678322
254    -5.84425442e-05
255    7.93382034e-05
256    -9.70766724e-16
257    0.00441569855
258    -0.00148656305
259    0.000393564991
260    -7.20592821e-15
261    -0.000351211175
262    -0.000252229409
263    -0.000331900626
264    -8.66742467e-14
265    -1.51337366e-05
266    -3.69750056e-16
267    1.10003346e-06
268    -4.56703393e-16
269    2.03519729e-05
270    -2.37045676e-06
271    -6.06355633e-06
272    8.2698276e-05
273    0.000546644322
274    4.32693833e-06
275    -8.89079717e-07
276    -3.26808305e-17
Sym=X
Ene=0.0
Spin=Alpha
Occup=1
1    0.0
2    0.0
3    0.0
4    0.0
5    0.0
6    0.0
7    0.0
8    0.0
9    0.0
10    0.0
11    0.0
12    0.0
13    0.0
14    0.0
15    0.0
16    0.0
17    0.0
18    0.0
19    0.0
20    0.0
21    0.0
22    0.0
23    0.0
24    0.0
25    0.0
26    0.0
27    0.0
28    0.0
29    0.0
30    0.0
31    0.0
32    0.0
33    0.0
34    0.0
35    0.0
36    0.0
37    0.0
38    0.0
39    0.0
40    0.0
41    0.0
42    0.0
43    0.0
44    0.0
45    0.0
46    0.0
47    0.0
48    0.0
49    0.0
50    0.0
51    0.0
52    0.0
53    0.0
54    0.0
55    0.0
56    0.0
57    0.0
58    0.0
59    0.0
60    0.0
61    0.0
62    0.0
63    0.0
64    0.0
65    0.0
66    0.0
67    0.0
68    0.0
69    0.0
70    0.0
71    0.0
72    0.0
73    0.0
74    0.0
75    0.0
76    0.0
77    0.0
78    0.0
79    0.0
80    0.0
81    0.0
82    0.0
83    0.0
84    0.0
85    0.0
86    0.0
87    0.0
88    0.0
89    0.0
90    0.0
91    0.0
92    0.0
93    0.0
94    0.0
95    0.0
96    0.0
97    0.0
98    0.0
99    0.0
100    0.0
101    0.0
102    0.0
103    0.0
104    0.0
105    0.0
106    0.0
107    0.0
108    0.0
109    0.0
110    0.0
111    0.0
112    0.0
113    0.0
114    0.0
115    0.0
116    0.0
117    0.0
118    0.0
119    0.0
120    0.0
121    0.0
122    0.0
123    0.0
124    0.0
125    0.0
126    0.0
127    0.0
128    0.0
129    0.0
130    0.0
131    0.0
132    0.0
133    0.0
134    0.0
135    0.0
136    0.0
137    0.0
138    0.0
139    0.0
140    0.0
141    0.0
142    0.0
143    0.0
144    0.0
145    0.0
146    0.0
147    0.0
148    0.0
149    0.0
150    0.0
151    0.0
152    0.0
153    0.0
154    0.0
155    0.0
156    0.0
157    0.0
158    0.0
159    0.0
160    0.0
161    0.0
162    0.0
163    0.0
164    0.0
165    0.0
166    0.0
167    0.0
168    0.0
169    0.0
170    0.0
171    0.0
172    0.0
173    0.0
174    0.0
175    0.0
176    0.0
177    0.0
178    0.0
179    0.0
180    0.0
181    0.0
182    0.0
183    0.0
184    0.0
185    0.0
186    0.0
187    0.0
188    0.0
189    0.0
190    0.0
191    0.0
192    0.0
193    0.0
194    0.0
195    0.0
196    0.0
197    0.0
198    0.0
199    0.0
200    0.0
201    0.0
202    0.0
203    0.0
204    0.0
205    0.0
206    0.0
207    0.0
208    0.0
209    0.0
210    0.0
211    0.0
212    0.0
213    0.0
214    0.0
215    0.0
216    0.0
217    0.0
218    0.0
219    0.0
220    0.0
221    0.0
222    0.0
223    0.0
224    0.0
225    0.0
226    0.0
227    0.0
228    0.0
229    0.0
230    0.0
231    0.0
232    0.0
233    0.0
234    0.0
235    0.0
236    0.0
237    0.0
238    0.0
239    0.0
240    0.0
241    0.0
242    0.0
243    0.0
244    0.0
245    0.0
246    0.0
247    0.0
248    0.0
249    0.0
250    0.0
251    0.0
252    0.0
253    0.0
254    0.0
255    0.0
256    0.0
257    0.0
258    0.0
259    0.0
260    0.0
261    0.0
262    0.0
263    0.0
264    0.0
265    0.0
266    0.0
267    0.0
268    0.0
269    0.0
270    0.0
271    0.0
272    0.0
273    0.0
274    0.0
275    0.0
276    0.0
Sym=X
Ene=0.0
Spin=Alpha
Occup=1
1    0.0
2    0.0
3    0.0
4    0.0
5    0.0
6    0.0
7    0.0
8    0.0
9    0.0
10    0.0
11    0.0
12    0.0
13    0.0
14    0.0
15    0.0
16    0.0
17    0.0
18    0.0
19    0.0
20    0.0
21    0.0
22    0.0
23    0.0
24    0.0
25    0.0
26    0.0
27    0.0
28    0.0
29    0.0
30    0.0
31    0.0
32    0.0
33    0.0
34    0.0
35    0.0
36    0.0
37    0.0
38    0.0
39    0.0
40    0.0
41    0.0
42    0.0
43    0.0
44    0.0
45    0.0
46    0.0
47    0.0
48    0.0
49    0.0
50    0.0
51    0.0
52    0.0
53    0.0
54    0.0
55    0.0
56    0.0
57    0.0
58    0.0
59    0.0
60    0.0
61    0.0
62    0.0
63    0.0
64    0.0
65    0.0
66    0.0
67    0.0
68    0.0
69    0.0
70    0.0
71    0.0
72    0.0
73    0.0
74    0.0
75    0.0
76    0.0
77    0.0
78    0.0
79    0.0
80    0.0
81    0.0
82    0.0
83    0.0
84    0.0
85    0.0
86    0.0
87    0.0
88    0.0
89    0.0
90    0.0
91    0.0
92    0.0
93    0.0
94    0.0
95    0.0
96    0.0
97    0.0
98    0.0
99    0.0
100    0.0
101    0.0
102    0.0
103    0.0
104    0.0
105    0.0
106    0.0
107    0.0
108    0.0
109    0.0
110    0.0
111    0.0
112    0.0
113    0.0
114    0.0
115    0.0
116    0.0
117    0.0
118    0.0
119    0.0
120    0.0
121    0.0
122    0.0
123    0.0
124    0.0
125    0.0
126    0.0
127    0.0
128    0.0
129    0.0
130    0.0
131    0.0
132    0.0
133    0.0
134    0.0
135    0.0
136    0.0
137    0.0
138    0.0
139    0.0
140    0.0
141    0.0
142    0.0
143    0.0
144    0.0
145    0.0
146    0.0
147    0.0
148    0.0
149    0.0
150    0.0
151    0.0
152    0.0
153    0.0
154    0.0
155    0.0
156    0.0
157    0.0
158    0.0
159    0.0
160    0.0
161    0.0
162    0.0
163    0.0
164    0.0
165    0.0
166    0.0
167    0.0
168    0.0
169    0.0
170    0.0
171    0.0
172    0.0
173    0.0
174    0.0
175    0.0
176    0.0
177    0.0
178    0.0
179    0.0
180    0.0
181    0.0
182    0.0
183    0.0
184    0.0
185    0.0
186    0.0
187    0.0
188    0.0
189    0.0
190    0.0
191    0.0
192    0.0
193    0.0
194    0.0
195    0.0
196    0.0
197    0.0
198    0.0
199    0.0
200    0.0
201    0.0
202    0.0
203    0.0
204    0.0
205    0.0
206    0.0
207    0.0
208    0.0
209    0.0
210    0.0
211    0.0
212    0.0
213    0.0
214    0.0
215    0.0
216    0.0
217    0.0
218    0.0
219    0.0
220    0.0
221    0.0
222    0.0
223    0.0
224    0.0
225    0.0
226    0.0
227    0.0
228    0.0
229    0.0
230    0.0
231    0.0
232    0.0
233    0.0
234    0.0
235    0.0
236    0.0
237    0.0
238    0.0
239    0.0
240    0.0
241    0.0
242    0.0
243    0.0
244    0.0
245    0.0
246    0.0
247    0.0
248    0.0
249    0.0
250    0.0
251    0.0
252    0.0
253    0.0
254    0.0
255    0.0
256    0.0
257    0.0
258    0.0
259    0.0
260    0.0
261    0.0
262    0.0
263    0.0
264    0.0
265    0.0
266    0.0
267    0.0
268    0.0
269    0.0
270    0.0
271    0.0
272    0.0
273    0.0
274    0.0
275    0.0
276    0.0
Sym=X
Ene=0.0
Spin=Alpha
Occup=1
1    0.0
2    0.0
3    0.0
4    0.0
5    0.0
6    0.0
7    0.0
8    0.0
9    0.0
10    0.0
11    0.0
12    0.0
13    0.0
14    0.0
15    0.0
16    0.0
17    0.0
18    0.0
19    0.0
20    0.0
21    0.0
22    0.0
23    0.0
24    0.0
25    0.0
26    0.0
27    0.0
28    0.0
29    0.0
30    0.0
31    0.0
32    0.0
33    0.0
34    0.0
35    0.0
36    0.0
37    0.0
38    0.0
39    0.0
40    0.0
41    0.0
42    0.0
43    0.0
44    0.0
45    0.0
46    0.0
47    0.0
48    0.0
49    0.0
50    0.0
51    0.0
52    0.0
53    0.0
54    0.0
55    0.0
56    0.0
57    0.0
58    0.0
59    0.0
60    0.0
61    0.0
62    0.0
63    0.0
64    0.0
65    0.0
66    0.0
67    0.0
68    0.0
69    0.0
70    0.0
71    0.0
72    0.0
73    0.0
74    0.0
75    0.0
76    0.0
77    0.0
78    0.0
79    0.0
80    0.0
81    0.0
82    0.0
83    0.0
84    0.0
85    0.0
86    0.0
87    0.0
88    0.0
89    0.0
90    0.0
91    0.0
92    0.0
93    0.0
94    0.0
95    0.0
96    0.0
97    0.0
98    0.0
99    0.0
100    0.0
101    0.0
102    0.0
103    0.0
104    0.0
105    0.0
106    0.0
107    0.0
108    0.0
109    0.0
110    0.0
111    0.0
112    0.0
113    0.0
114    0.0
115    0.0
116    0.0
117    0.0
118    0.0
119    0.0
120    0.0
121    0.0
122    0.0
123    0.0
124    0.0
125    0.0
126    0.0
127    0.0
128    0.0
129    0.0
130    0.0
131    0.0
132    0.0
133    0.0
134    0.0
135    0.0
136    0.0
137    0.0
138    0.0
139    0.0
140    0.0
141    0.0
142    0.0
143    0.0
144    0.0
145    0.0
146    0.0
147    0.0
148    0.0
149    0.0
150    0.0
151    0.0
152    0.0
153    0.0
154    0.0
155    0.0
156    0.0
157    0.0
158    0.0
159    0.0
160    0.0
161    0.0
162    0.0
163    0.0
164    0.0
165    0.0
166    0.0
167    0.0
168    0.0
169    0.0
170    0.0
171    0.0
172    0.0
173    0.0
174    0.0
175    0.0
176    0.0
177    0.0
178    0.0
179    0.0
180    0.0
181    0.0
182    0.0
183    0.0
184    0.0
185    0.0
186    0.0
187    0.0
188    0.0
189    0.0
190    0.0
191    0.0
192    0.0
193    0.0
194    0.0
195    0.0
196    0.0
197    0.0
198    0.0
199    0.0
200    0.0
201    0.0
202    0.0
203    0.0
204    0.0
205    0.0
206    0.0
207    0.0
208    0.0
209    0.0
210    0.0
211    0.0
212    0.0
213    0.0
214    0.0
215    0.0
216    0.0
217    0.0
218    0.0
219    0.0
220    0.0
221    0.0
222    0.0
223    0.0
224    0.0
225    0.0
226    0.0
227    0.0
228    0.0
229    0.0
230    0.0
231    0.0
232    0.0
233    0.0
234    0.0
235    0.0
236    0.0
237    0.0
238    0.0
239    0.0
240    0.0
241    0.0
242    0.0
243    0.0
244    0.0
245    0.0
246    0.0
247    0.0
248    0.0
249    0.0
250    0.0
251    0.0
252    0.0
253    0.0
254    0.0
255    0.0
256    0.0
257    0.0
258    0.0
259    0.0
260    0.0
261    0.0
262    0.0
263    0.0
264    0.0
265    0.0
266    0.0
267    0.0
268    0.0
269    0.0
270    0.0
271    0.0
272    0.0
273    0.0
274    0.0
275    0.0
276    0.0
Sym=X
Ene=0.0
Spin=Alpha
Occup=1
1    0.0
2    0.0
3    0.0
4    0.0
5    0.0
6    0.0
7    0.0
8    0.0
9    0.0
10    0.0
11    0.0
12    0.0
13    0.0
14    0.0
15    0.0
16    0.0
17    0.0
18    0.0
19    0.0
20    0.0
21    0.0
22    0.0
23    0.0
24    0.0
25    0.0
26    0.0
27    0.0
28    0.0
29    0.0
30    0.0
31    0.0
32    0.0
33    0.0
34    0.0
35    0.0
36    0.0
37    0.0
38    0.0
39    0.0
40    0.0
41    0.0
42    0.0
43    0.0
44    0.0
45    0.0
46    0.0
47    0.0
48    0.0
49    0.0
50    0.0
51    0.0
52    0.0
53    0.0
54    0.0
55    0.0
56    0.0
57    0.0
58    0.0
59    0.0
60    0.0
61    0.0
62    0.0
63    0.0
64    0.0
65    0.0
66    0.0
67    0.0
68    0.0
69    0.0
70    0.0
71    0.0
72    0.0
73    0.0
74    0.0
75    0.0
76    0.0
77    0.0
78    0.0
79    0.0
80    0.0
81    0.0
82    0.0
83    0.0
84    0.0
85    0.0
86    0.0
87    0.0
88    0.0
89    0.0
90    0.0
91    0.0
92    0.0
93    0.0
94    0.0
95    0.0
96    0.0
97    0.0
98    0.0
99    0.0
100    0.0
101    0.0
102    0.0
103    0.0
104    0.0
105    0.0
106    0.0
107    0.0
108    0.0
109    0.0
110    0.0
111    0.0
112    0.0
113    0.0
114    0.0
115    0.0
116    0.0
117    0.0
118    0.0
119    0.0
120    0.0
121    0.0
122    0.0
123    0.0
124    0.0
125    0.0
126    0.0
127    0.0
128    0.0
129    0.0
130    0.0
131    0.0
132    0.0
133    0.0
134    0.0
135    0.0
136    0.0
137    0.0
138    0.0
139    0.0
140    0.0
141    0.0
142    0.0
143    0.0
144    0.0
145    0.0
146    0.0
147    0.0
148    0.0
149    0.0
150    0.0
151    0.0
152    0.0
153    0.0
154    0.0
155    0.0
156    0.0
157    0.0
158    0.0
159    0.0
160    0.0
161    0.0
162    0.0
163    0.0
164    0.0
165    0.0
166    0.0
167    0.0
168    0.0
169    0.0
170    0.0
171    0.0
172    0.0
173    0.0
174    0.0
175    0.0
176    0.0
177    0.0
178    0.0
179    0.0
180    0.0
181    0.0
182    0.0
183    0.0
184    0.0
185    0.0
186    0.0
187    0.0
188    0.0
189    0.0
190    0.0
191    0.0
192    0.0
193    0.0
194    0.0
195    0.0
196    0.0
197    0.0
198    0.0
199    0.0
200    0.0
201    0.0
202    0.0
203    0.0
204    0.0
205    0.0
206    0.0
207    0.0
208    0.0
209    0.0
210    0.0
211    0.0
212    0.0
213    0.0
214    0.0
215    0.0
216    0.0
217    0.0
218    0.0
219    0.0
220    0.0
221    0.0
222    0.0
223    0.0
224    0.0
225    0.0
226    0.0
227    0.0
228    0.0
229    0.0
230    0.0
231    0.0
232    0.0
233    0.0
234    0.0
235    0.0
236    0.0
237    0.0
238    0.0
239    0.0
240    0.0
241    0.0
242    0.0
243    0.0
244    0.0
245    0.0
246    0.0
247    0.0
248    0.0
249    0.0
250    0.0
251    0.0
252    0.0
253    0.0
254    0.0
255    0.0
256    0.0
257    0.0
258    0.0
259    0.0
260    0.0
261    0.0
262    0.0
263    0.0
264    0.0
265    0.0
266    0.0
267    0.0
268    0.0
269    0.0
270    0.0
271    0.0
272    0.0
273    0.0
274    0.0
275    0.0
276    0.0
[5D]