[Molden Format]
[Atoms] (Angs)
  C      1    6     -0.00714236     -1.70213747     -0.00000000
  H      2    1     -2.06882847     -1.44022412      0.00000000
  H      3    1     -0.12337987     -2.77567521      0.00000000
  H      4    1      0.04651892      1.98813947     -0.00000000
  C      5    6     -1.21953563      0.40211669      0.00000000
  O      6    8     -2.25921553      1.03043814      0.00000000
  C      7    6      1.28797806      0.34644937     -0.00000000
  O      8    8      2.31273661      1.00537216     -0.00000000
  N      9    7      0.03446295      0.97739857     -0.00000000
  N     10    7     -1.17287765     -0.98229824      0.00000000
  C     11    6      1.20107039     -1.10433419     -0.00000000
  H     12    1      2.11220096     -1.67699125     -0.00000000
[GTO]
1    0
S    1    1.000000
   4.56324000E+03    1.96665000E-03 
S    1    1.000000
   6.82024000E+02    1.52306000E-02 
S    1    1.000000
   1.54973000E+02    7.61269000E-02 
S    1    1.000000
   4.44553000E+01    2.60801000E-01 
S    1    1.000000
   1.30290000E+01    6.16462000E-01 
S    1    1.000000
   1.82773000E+00    2.21006000E-01 
SP   3    1.000000
   2.09642000E+01    1.14660000E-01   4.02487000E-02 
   4.80331000E+00    9.19999000E-01   2.37594000E-01 
   1.45933000E+00   -3.03068000E-03   8.15854000E-01 
SP   1    1.000000
   4.83456000E-01    1.00000000E+00   1.00000000E+00 
SP   1    1.000000
   1.45585000E-01    1.00000000E+00   1.00000000E+00 
SP   1    1.000000
   4.38000000E-02    1.00000000E+00   1.00000000E+00 
SP   1    1.000000
   1.31927711E-02    1.00000000E+00   1.00000000E+00 
D    1    1.000000
   6.26000000E-01    1.00000000E+00 

2    0
S    3    1.000000
   3.38650000E+01    2.54938000E-02 
   5.09479000E+00    1.90373000E-01 
   1.15879000E+00    8.52161000E-01 
S    1    1.000000
   3.25840000E-01    1.00000000E+00 
S    1    1.000000
   1.02741000E-01    1.00000000E+00 
S    1    1.000000
   3.60000000E-02    1.00000000E+00 
P    1    1.000000
   7.50000000E-01    1.00000000E+00 

3    0
S    3    1.000000
   3.38650000E+01    2.54938000E-02 
   5.09479000E+00    1.90373000E-01 
   1.15879000E+00    8.52161000E-01 
S    1    1.000000
   3.25840000E-01    1.00000000E+00 
S    1    1.000000
   1.02741000E-01    1.00000000E+00 
S    1    1.000000
   3.60000000E-02    1.00000000E+00 
P    1    1.000000
   7.50000000E-01    1.00000000E+00 

4    0
S    3    1.000000
   3.38650000E+01    2.54938000E-02 
   5.09479000E+00    1.90373000E-01 
   1.15879000E+00    8.52161000E-01 
S    1    1.000000
   3.25840000E-01    1.00000000E+00 
S    1    1.000000
   1.02741000E-01    1.00000000E+00 
S    1    1.000000
   3.60000000E-02    1.00000000E+00 
P    1    1.000000
   7.50000000E-01    1.00000000E+00 

5    0
S    1    1.000000
   4.56324000E+03    1.96665000E-03 
S    1    1.000000
   6.82024000E+02    1.52306000E-02 
S    1    1.000000
   1.54973000E+02    7.61269000E-02 
S    1    1.000000
   4.44553000E+01    2.60801000E-01 
S    1    1.000000
   1.30290000E+01    6.16462000E-01 
S    1    1.000000
   1.82773000E+00    2.21006000E-01 
SP   3    1.000000
   2.09642000E+01    1.14660000E-01   4.02487000E-02 
   4.80331000E+00    9.19999000E-01   2.37594000E-01 
   1.45933000E+00   -3.03068000E-03   8.15854000E-01 
SP   1    1.000000
   4.83456000E-01    1.00000000E+00   1.00000000E+00 
SP   1    1.000000
   1.45585000E-01    1.00000000E+00   1.00000000E+00 
SP   1    1.000000
   4.38000000E-02    1.00000000E+00   1.00000000E+00 
SP   1    1.000000
   1.31927711E-02    1.00000000E+00   1.00000000E+00 
D    1    1.000000
   6.26000000E-01    1.00000000E+00 

6    0
S    1    1.000000
   8.58850000E+03    1.89515000E-03 
S    1    1.000000
   1.29723000E+03    1.43859000E-02 
S    1    1.000000
   2.99296000E+02    7.07320000E-02 
S    1    1.000000
   8.73771000E+01    2.40001000E-01 
S    1    1.000000
   2.56789000E+01    5.94797000E-01 
S    1    1.000000
   3.74004000E+00    2.80802000E-01 
SP   3    1.000000
   4.21175000E+01    1.13889000E-01   3.65114000E-02 
   9.62837000E+00    9.20811000E-01   2.37153000E-01 
   2.85332000E+00   -3.27447000E-03   8.19702000E-01 
SP   1    1.000000
   9.05661000E-01    1.00000000E+00   1.00000000E+00 
SP   1    1.000000
   2.55611000E-01    1.00000000E+00   1.00000000E+00 
SP   1    1.000000
   8.45000000E-02    1.00000000E+00   1.00000000E+00 
SP   1    1.000000
   2.54518072E-02    1.00000000E+00   1.00000000E+00 
D    1    1.000000
   1.29200000E+00    1.00000000E+00 

7    0
S    1    1.000000
   4.56324000E+03    1.96665000E-03 
S    1    1.000000
   6.82024000E+02    1.52306000E-02 
S    1    1.000000
   1.54973000E+02    7.61269000E-02 
S    1    1.000000
   4.44553000E+01    2.60801000E-01 
S    1    1.000000
   1.30290000E+01    6.16462000E-01 
S    1    1.000000
   1.82773000E+00    2.21006000E-01 
SP   3    1.000000
   2.09642000E+01    1.14660000E-01   4.02487000E-02 
   4.80331000E+00    9.19999000E-01   2.37594000E-01 
   1.45933000E+00   -3.03068000E-03   8.15854000E-01 
SP   1    1.000000
   4.83456000E-01    1.00000000E+00   1.00000000E+00 
SP   1    1.000000
   1.45585000E-01    1.00000000E+00   1.00000000E+00 
SP   1    1.000000
   4.38000000E-02    1.00000000E+00   1.00000000E+00 
SP   1    1.000000
   1.31927711E-02    1.00000000E+00   1.00000000E+00 
D    1    1.000000
   6.26000000E-01    1.00000000E+00 

8    0
S    1    1.000000
   8.58850000E+03    1.89515000E-03 
S    1    1.000000
   1.29723000E+03    1.43859000E-02 
S    1    1.000000
   2.99296000E+02    7.07320000E-02 
S    1    1.000000
   8.73771000E+01    2.40001000E-01 
S    1    1.000000
   2.56789000E+01    5.94797000E-01 
S    1    1.000000
   3.74004000E+00    2.80802000E-01 
SP   3    1.000000
   4.21175000E+01    1.13889000E-01   3.65114000E-02 
   9.62837000E+00    9.20811000E-01   2.37153000E-01 
   2.85332000E+00   -3.27447000E-03   8.19702000E-01 
SP   1    1.000000
   9.05661000E-01    1.00000000E+00   1.00000000E+00 
SP   1    1.000000
   2.55611000E-01    1.00000000E+00   1.00000000E+00 
SP   1    1.000000
   8.45000000E-02    1.00000000E+00   1.00000000E+00 
SP   1    1.000000
   2.54518072E-02    1.00000000E+00   1.00000000E+00 
D    1    1.000000
   1.29200000E+00    1.00000000E+00 

9    0
S    1    1.000000
   6.29348000E+03    1.96979000E-03 
S    1    1.000000
   9.49044000E+02    1.49613000E-02 
S    1    1.000000
   2.18776000E+02    7.35006000E-02 
S    1    1.000000
   6.36916000E+01    2.48937000E-01 
S    1    1.000000
   1.88282000E+01    6.02460000E-01 
S    1    1.000000
   2.72023000E+00    2.56202000E-01 
SP   3    1.000000
   3.06331000E+01    1.11906000E-01   3.83119000E-02 
   7.02614000E+00    9.21666000E-01   2.37403000E-01 
   2.11205000E+00   -2.56919000E-03   8.17592000E-01 
SP   1    1.000000
   6.84009000E-01    1.00000000E+00   1.00000000E+00 
SP   1    1.000000
   2.00878000E-01    1.00000000E+00   1.00000000E+00 
SP   1    1.000000
   6.39000000E-02    1.00000000E+00   1.00000000E+00 
SP   1    1.000000
   1.92469880E-02    1.00000000E+00   1.00000000E+00 
D    1    1.000000
   9.13000000E-01    1.00000000E+00 

10    0
S    1    1.000000
   6.29348000E+03    1.96979000E-03 
S    1    1.000000
   9.49044000E+02    1.49613000E-02 
S    1    1.000000
   2.18776000E+02    7.35006000E-02 
S    1    1.000000
   6.36916000E+01    2.48937000E-01 
S    1    1.000000
   1.88282000E+01    6.02460000E-01 
S    1    1.000000
   2.72023000E+00    2.56202000E-01 
SP   3    1.000000
   3.06331000E+01    1.11906000E-01   3.83119000E-02 
   7.02614000E+00    9.21666000E-01   2.37403000E-01 
   2.11205000E+00   -2.56919000E-03   8.17592000E-01 
SP   1    1.000000
   6.84009000E-01    1.00000000E+00   1.00000000E+00 
SP   1    1.000000
   2.00878000E-01    1.00000000E+00   1.00000000E+00 
SP   1    1.000000
   6.39000000E-02    1.00000000E+00   1.00000000E+00 
SP   1    1.000000
   1.92469880E-02    1.00000000E+00   1.00000000E+00 
D    1    1.000000
   9.13000000E-01    1.00000000E+00 

11    0
S    1    1.000000
   4.56324000E+03    1.96665000E-03 
S    1    1.000000
   6.82024000E+02    1.52306000E-02 
S    1    1.000000
   1.54973000E+02    7.61269000E-02 
S    1    1.000000
   4.44553000E+01    2.60801000E-01 
S    1    1.000000
   1.30290000E+01    6.16462000E-01 
S    1    1.000000
   1.82773000E+00    2.21006000E-01 
SP   3    1.000000
   2.09642000E+01    1.14660000E-01   4.02487000E-02 
   4.80331000E+00    9.19999000E-01   2.37594000E-01 
   1.45933000E+00   -3.03068000E-03   8.15854000E-01 
SP   1    1.000000
   4.83456000E-01    1.00000000E+00   1.00000000E+00 
SP   1    1.000000
   1.45585000E-01    1.00000000E+00   1.00000000E+00 
SP   1    1.000000
   4.38000000E-02    1.00000000E+00   1.00000000E+00 
SP   1    1.000000
   1.31927711E-02    1.00000000E+00   1.00000000E+00 
D    1    1.000000
   6.26000000E-01    1.00000000E+00 

12    0
S    3    1.000000
   3.38650000E+01    2.54938000E-02 
   5.09479000E+00    1.90373000E-01 
   1.15879000E+00    8.52161000E-01 
S    1    1.000000
   3.25840000E-01    1.00000000E+00 
S    1    1.000000
   1.02741000E-01    1.00000000E+00 
S    1    1.000000
   3.60000000E-02    1.00000000E+00 
P    1    1.000000
   7.50000000E-01    1.00000000E+00 

[MO]
Sym=X
Ene=0.950956
Spin=Alpha
Occup=1
1    -1.69286683e-09
2    1.1589814e-08
3    -1.22100213e-07
4    2.98420702e-07
5    -4.76213014e-06
6    -1.86037015e-05
7    1.06950222e-05
8    -9.79235391e-07
9    -2.45049802e-06
10    -6.91082729e-17
11    4.97145087e-05
12    1.37405907e-05
13    1.53488707e-05
14    -8.38867177e-16
15    -0.000334598055
16    -2.98561274e-05
17    -0.000200294721
18    -5.08101915e-15
19    0.00206733391
20    0.000440773466
21    -0.000231403314
22    4.94889913e-14
23    0.000666249752
24    0.000276542195
25    4.80913473e-05
26    -1.07348784e-13
27    1.41480267e-05
28    -1.33426328e-17
29    3.57163396e-06
30    -1.50810602e-16
31    -7.91096748e-06
32    3.55186268e-07
33    2.50784941e-05
34    -7.43149481e-06
35    0.000122418929
36    7.90288476e-07
37    1.90366913e-06
38    -2.33134142e-16
39    -1.49545009e-06
40    -7.41582455e-06
41    -0.000162192621
42    -0.000299839699
43    3.05113852e-06
44    -3.13750041e-06
45    1.57393453e-16
46    7.15918426e-06
47    -3.45089825e-08
48    7.50378695e-06
49    0.000118661953
50    -5.13481809e-06
51    -1.04352042e-06
52    -5.31786218e-17
53    -9.16221973e-10
54    2.00214458e-09
55    -5.66724882e-08
56    6.87962479e-08
57    -1.8762654e-06
58    -7.36478739e-06
59    3.73991556e-06
60    -6.03097449e-07
61    5.97507692e-07
62    8.10854084e-16
63    2.11037545e-05
64    5.11021596e-06
65    2.47846872e-06
66    -2.8425529e-15
67    -4.57211893e-05
68    -0.000266359038
69    0.000111045848
70    3.51634245e-15
71    -0.00098470066
72    -0.0011517536
73    0.000125350558
74    1.82343359e-14
75    -0.00107113197
76    -0.00024516865
77    -0.000437094749
78    5.26042638e-14
79    -3.12418608e-06
80    4.95487866e-16
81    1.49334851e-06
82    3.41455518e-16
83    5.00845238e-06
84    3.07969357e-08
85    2.3722019e-07
86    1.14203061e-06
87    3.96724543e-06
88    9.09623366e-06
89    2.06897003e-06
90    1.55569914e-05
91    -1.75437245e-06
92    -6.17297858e-07
93    -6.25808998e-16
94    8.72700621e-06
95    5.83529209e-06
96    1.24085955e-06
97    1.45101226e-15
98    -7.75440661e-05
99    -4.96449762e-05
100    1.93569803e-05
101    -4.88773814e-15
102    -0.000452369568
103    -2.56446013e-05
104    8.50727112e-05
105    6.23843578e-15
106    -0.00248913139
107    -0.000389167388
108    8.59006406e-05
109    -2.06963962e-14
110    1.70187238e-06
111    5.7494123e-17
112    1.11997923e-06
113    3.33583585e-16
114    -6.65039786e-08
115    -7.87195905e-09
116    -1.2047892e-07
117    -2.34444551e-07
118    -3.05081498e-06
119    -6.34086422e-06
120    -0.000112877807
121    -1.47010851e-05
122    3.22211472e-05
123    2.49242132e-05
124    -4.46458625e-16
125    0.000416069293
126    0.000433489611
127    0.00028715621
128    3.15465667e-15
129    -0.000803800929
130    -0.000327015014
131    -0.000212190273
132    -3.99309292e-15
133    -0.000396501531
134    -0.00317675363
135    -0.00166094727
136    7.29938124e-14
137    0.000189945254
138    -0.000439866595
139    0.000744585415
140    -6.4106137e-14
141    0.00024884694
142    5.7408518e-16
143    -7.36603084e-05
144    3.9797763e-16
145    0.000112529814
146    0.00104385846
147    0.00794076078
148    0.0389358877
149    0.132510477
150    0.327965298
151    0.155500082
152    0.471306909
153    -0.00155769797
154    -0.000937586981
155    1.08711498e-15
156    0.00493804625
157    0.000723774011
158    0.00043426097
159    -5.65831767e-16
160    -0.00063909102
161    -0.000388898186
162    -0.000223590277
163    6.57349738e-15
164    0.0030201598
165    -0.00015100174
166    -0.000147232741
167    -1.3529656e-14
168    0.00642950111
169    -0.00119545345
170    -0.00037579544
171    -4.19036086e-15
172    -9.17404921e-05
173    6.04611966e-17
174    -0.000107304863
175    -1.79871062e-16
176    -4.5515891e-05
177    -7.82156955e-10
178    2.43589548e-08
179    -9.54036368e-08
180    5.21698177e-07
181    -5.81680025e-06
182    -2.4012611e-05
183    1.69520392e-05
184    -1.73760544e-05
185    1.3072953e-06
186    7.64025333e-16
187    2.40811853e-05
188    5.70471365e-05
189    -8.66671237e-06
190    -4.4330784e-16
191    0.000123099461
192    -4.83527152e-05
193    -5.73136041e-05
194    6.75157579e-15
195    -0.000144621246
196    -9.83836831e-05
197    9.73015125e-05
198    -3.02037756e-14
199    -0.00217546526
200    -0.00283156042
201    5.5885173e-05
202    -2.77139486e-14
203    -1.23809677e-05
204    6.30327233e-16
205    -6.28149833e-06
206    2.56874181e-16
207    2.84262325e-05
208    -1.69396664e-10
209    3.71859992e-09
210    -1.79360301e-08
211    8.09344799e-08
212    -9.34955301e-07
213    -3.68448785e-06
214    2.36183659e-06
215    -5.13630504e-07
216    5.77271122e-07
217    3.43632371e-16
218    2.62445441e-06
219    4.08366697e-06
220    -2.61503928e-06
221    -3.47729656e-15
222    0.000117880866
223    9.70242488e-05
224    3.27083894e-05
225    5.55962186e-15
226    0.000667990861
227    0.000250170653
228    3.27459435e-05
229    -3.14787331e-14
230    2.48983627e-05
231    0.000256257718
232    -0.000122010487
233    9.76257094e-15
234    -4.01745117e-06
235    8.15753652e-17
236    4.81372141e-07
237    2.40188058e-16
238    -1.4185634e-06
239    1.39435849e-09
240    1.86091702e-08
241    3.94096301e-08
242    3.42911277e-07
243    -1.34294595e-06
244    -1.03359209e-05
245    7.16960861e-06
246    -7.90821438e-06
247    -1.38878664e-05
248    9.59415448e-16
249    7.68674242e-06
250    2.12694683e-05
251    7.06298941e-05
252    -3.96526872e-15
253    0.000178579488
254    -0.000131046155
255    -2.15787053e-05
256    1.0899028e-14
257    -0.00348410536
258    0.00170352629
259    -7.36084592e-05
260    -7.57558591e-14
261    0.000497271068
262    0.000309605491
263    0.000174641888
264    1.22019911e-13
265    3.97224336e-05
266    2.03810298e-16
267    2.14838261e-08
268    -1.97279466e-16
269    -3.96680627e-05
270    5.69235368e-06
271    5.3544469e-05
272    -6.9077968e-05
273    -0.000960503619
274    -1.47190536e-05
275    6.0407127e-06
276    -1.37801444e-16
Sym=X
Ene=0.952172
Spin=Alpha
Occup=1
1    8.1156956e-10
2    -1.71615685e-09
3    5.00799281e-08
4    -5.90168958e-08
5    1.66777667e-06
6    6.64989632e-06
7    -3.33086157e-06
8    -1.62106441e-06
9    6.17660843e-07
10    -7.76235403e-16
11    -1.94418677e-05
12    1.66785019e-05
13    -5.42463792e-06
14    -2.53451836e-15
15    0.00014946032
16    2.6592071e-05
17    0.0001484711
18    5.99526062e-16
19    0.00288112231
20    -5.53526879e-06
21    0.00121472325
22    -4.83746415e-14
23    0.000315022875
24    0.000236474094
25    -0.000201675793
26    -9.32578847e-15
27    7.61157701e-06
28    1.04504769e-16
29    -2.7152965e-06
30    4.37285922e-16
31    4.78264438e-06
32    -6.87854488e-06
33    1.15096818e-05
34    2.50943486e-05
35    -9.53876623e-05
36    -3.36436455e-06
37    8.15598584e-06
38    -1.05965043e-15
39    -1.26391667e-06
40    1.95991787e-05
41    0.000111661654
42    0.000764743251
43    1.12507734e-06
44    3.57555333e-06
45    -2.58265342e-16
46    -5.55147493e-06
47    -9.54604182e-07
48    9.75657959e-05
49    -0.000125574518
50    -8.55262577e-06
51    -4.54464391e-07
52    3.14301773e-16
53    8.93202886e-09
54    1.29004102e-07
55    2.7647794e-07
56    3.22628596e-06
57    7.12087104e-06
58    0.000120335407
59    1.4458362e-05
60    3.51001514e-05
61    -2.16320234e-05
62    -2.46148518e-15
63    -0.000446168994
64    0.000453437646
65    -0.000272765914
66    9.87347221e-16
67    0.000890624773
68    -0.000469309139
69    0.000285848199
70    -6.32413498e-15
71    0.00214892594
72    -0.0027045381
73    0.00173893145
74    -4.94800673e-14
75    -0.00139353729
76    -0.000107692851
77    -0.000232126257
78    -5.71391066e-15
79    0.00024392648
80    6.14512628e-16
81    8.00368075e-05
82    1.09915097e-15
83    -0.000127608085
84    -0.00104384945
85    -0.00794069132
86    -0.0389355535
87    -0.13250963
88    -0.327964777
89    -0.155520535
90    -0.471287984
91    -0.00159310069
92    0.000975079074
93    -9.90905112e-16
94    -0.00493927441
95    0.000742637606
96    -0.000452855165
97    -7.10146794e-16
98    0.000586078661
99    -0.000409147644
100    0.000250306262
101    -5.11227964e-15
102    -0.00323890207
103    -0.000235873772
104    0.000142274848
105    5.64968386e-15
106    -0.00755091764
107    -0.001396579
108    0.000692634723
109    -4.63637919e-15
110    -8.60932149e-05
111    7.73365749e-16
112    7.52545749e-05
113    -1.85280605e-16
114    4.74858861e-05
115    8.07366371e-10
116    -1.97356327e-09
117    5.04227619e-08
118    -6.58196673e-08
119    1.66734629e-06
120    6.44696695e-06
121    -3.32122309e-06
122    -2.02620737e-06
123    -5.44797744e-07
124    1.89029814e-15
125    -1.6432709e-05
126    1.13424368e-05
127    -2.56824511e-06
128    -1.0072495e-15
129    -6.10262612e-05
130    -0.000236998943
131    -0.00015754566
132    9.57136984e-15
133    0.00186115769
134    -0.00111942458
135    -0.000399382945
136    -6.86142541e-14
137    0.000408308427
138    -0.000173877809
139    0.00025296214
140    -4.49749811e-14
141    -3.80110831e-06
142    9.11755933e-16
143    5.05067748e-07
144    1.14132936e-15
145    -5.55135596e-06
146    2.96157293e-08
147    2.20941873e-07
148    1.11459867e-06
149    3.67399747e-06
150    1.01554911e-05
151    8.06113672e-06
152    1.09693175e-05
153    -1.7148832e-06
154    1.65427891e-07
155    7.18965304e-16
156    -1.13618831e-05
157    5.56875168e-06
158    2.92780854e-07
159    2.906e-15
160    9.26249022e-05
161    -5.60671194e-05
162    -2.41271982e-05
163    -1.10627946e-15
164    0.000455612235
165    -4.2286965e-05
166    -7.21768053e-05
167    9.35747206e-15
168    0.00238354224
169    -0.000383215471
170    -7.94028122e-05
171    1.52362933e-14
172    1.60879482e-06
173    1.66489684e-16
174    -1.27069168e-06
175    5.21565189e-17
176    4.43328916e-07
177    1.31346277e-09
178    -2.50754533e-08
179    1.26553155e-07
180    -5.5163215e-07
181    6.80580938e-06
182    2.76189332e-05
183    -1.88707608e-05
184    -1.67366271e-05
185    1.49289314e-06
186    -1.76896379e-15
187    -3.91942938e-05
188    5.50537516e-05
189    5.56190909e-07
190    5.76612246e-15
191    -2.09345055e-05
192    -1.33706652e-05
193    1.898302e-05
194    -1.40725938e-14
195    -0.000191330547
196    3.86617881e-05
197    -0.000213128518
198    4.14521696e-14
199    0.00142393233
200    -0.00233543267
201    7.26648905e-05
202    4.41595377e-14
203    -3.90121385e-06
204    3.6978236e-16
205    4.50326182e-06
206    1.22062708e-15
207    -3.15271849e-05
208    1.31337577e-09
209    -2.76141369e-08
210    1.32264687e-07
211    -6.03488305e-07
212    7.26507903e-06
213    2.95954697e-05
214    -2.02194173e-05
215    -8.70020407e-06
216    1.47644717e-05
217    -3.01557922e-15
218    -4.43339845e-05
219    2.37695067e-05
220    -5.12889292e-05
221    1.79696056e-15
222    8.01993478e-06
223    -7.65439097e-06
224    1.93279487e-05
225    -1.58932107e-14
226    -0.000193783102
227    5.91088095e-05
228    1.38488623e-05
229    3.69101836e-14
230    0.00192128928
231    -0.000379453417
232    0.000770566705
233    1.41747289e-14
234    2.04191997e-05
235    -2.09226541e-16
236    4.10655768e-06
237    -2.5425066e-17
238    2.38389934e-05
239    -3.52140308e-11
240    -2.77154646e-10
241    -1.40362174e-09
242    -1.74134444e-09
243    6.64746612e-08
244    1.08058738e-06
245    -2.91205947e-07
246    -1.2864574e-06
247    5.02877322e-08
248    -4.49328705e-16
249    6.25548346e-08
250    1.35076774e-05
251    -1.05205309e-06
252    -5.42856919e-16
253    -0.000236702119
254    0.000144732048
255    -7.9334998e-05
256    -5.27470394e-15
257    -0.00307475904
258    0.00072354099
259    -0.000413183796
260    5.28444372e-14
261    0.000115269718
262    0.000110689409
263    0.000282340517
264    2.8858095e-14
265    -5.77677824e-06
266    3.09104619e-16
267    -1.28830638e-06
268    6.45484029e-16
269    -3.06650405e-07
270    -5.93872973e-07
271    -2.44123408e-05
272    -5.53375381e-05
273    -6.98755417e-05
274    3.62593029e-06
275    -2.51637537e-06
276    1.18823693e-16
Sym=X
Ene=5e-06
Spin=Alpha
Occup=1
1    6.43114586e-10
2    -7.08745675e-09
3    5.22966264e-08
4    -1.72125339e-07
5    2.23920388e-06
6    8.65357943e-06
7    -5.31883061e-06
8    1.83345275e-06
9    1.3204104e-06
10    5.92068525e-16
11    -2.19564309e-05
12    -2.14847507e-05
13    -7.18279937e-06
14    2.37166418e-15
15    0.00013476614
16    2.75828366e-06
17    3.94252813e-05
18    3.21401887e-15
19    -0.00349237346
20    -0.000311301535
21    -0.000683729953
22    -1.56875549e-15
23    -0.000696623219
24    -0.000363054147
25    0.000106600905
26    8.32782975e-14
27    -1.54375477e-05
28    -6.3517016e-17
29    -6.55646466e-07
30    -1.97863539e-16
31    2.31319978e-06
32    4.55470362e-06
33    -2.59783815e-05
34    -1.22292177e-05
35    -2.08506376e-05
36    1.78688259e-06
37    -7.06291583e-06
38    9.074845e-16
39    1.95289143e-06
40    -8.39884065e-06
41    3.79135858e-05
42    -0.000320221585
43    -2.96821234e-06
44    -2.56168123e-07
45    6.80062188e-17
46    -1.23816721e-06
47    6.92023259e-07
48    -7.35721425e-05
49    2.9388832e-06
50    9.65060456e-06
51    1.0638685e-06
52    -1.81698245e-16
53    -5.58909654e-09
54    -9.16162392e-08
55    -1.52757974e-07
56    -2.30463504e-06
57    -3.6364757e-06
58    -7.88583572e-05
59    -1.27817939e-05
60    -2.4106693e-05
61    1.46953455e-05
62    1.14098938e-15
63    0.000296819276
64    -0.000320644737
65    0.00018891391
66    1.34230416e-15
67    -0.000589928446
68    0.000518543881
69    -0.000279234071
70    1.90676824e-15
71    -0.000798176954
72    0.00271424881
73    -0.00130528888
74    2.15523929e-14
75    0.00174010215
76    0.000250591946
77    0.000474816323
78    -3.36197113e-14
79    -0.000168291027
80    -7.83889759e-16
81    -5.70202075e-05
82    -1.01255291e-15
83    8.56274419e-05
84    0.000729715783
85    0.0055510357
86    0.0272183817
87    0.0926324435
88    0.22926822
89    0.108720342
90    0.329458473
91    0.00111496466
92    -0.000681220181
93    1.14020446e-15
94    0.00344672448
95    -0.000523338081
96    0.000315696254
97    -5.41081599e-16
98    -0.000354270656
99    0.000321526517
100    -0.000188825984
101    7.06884344e-15
102    0.00258772544
103    0.000183232378
104    -0.000160292468
105    -8.41033814e-15
106    0.0070585523
107    0.00125459585
108    -0.000545631912
109    1.80399898e-14
110    5.89694269e-05
111    -5.81757803e-16
112    -5.34100537e-05
113    -1.08999386e-16
114    -3.31490407e-05
115    5.06435794e-09
116    8.75270664e-08
117    1.32387777e-07
118    2.22747157e-06
119    3.36836451e-06
120    7.62053048e-05
121    1.28336921e-05
122    -2.1622957e-05
123    -1.7440978e-05
124    -1.00223974e-15
125    -0.000286018816
126    -0.000317892202
127    -0.000203533078
128    -1.55155782e-15
129    0.000617413155
130    0.000399511201
131    0.000261862321
132    -3.83595997e-15
133    -0.00101758951
134    0.00305408056
135    0.00146684756
136    -4.22649206e-15
137    -0.0004212603
138    0.000436077785
139    -0.00070925081
140    7.72797852e-14
141    -0.000175278501
142    -1.04788792e-15
143    5.23170643e-05
144    -1.08245475e-15
145    -7.65825828e-05
146    -0.000746422415
147    -0.00567812486
148    -0.0278415396
149    -0.0947530071
150    -0.234515771
151    -0.111194587
152    -0.337011484
153    0.00111501693
154    0.000670297589
155    -1.2799486e-15
156    -0.00352296317
157    -0.000521421195
158    -0.000310719125
159    -1.62694332e-15
160    0.000392223823
161    0.000317273782
162    0.000176743163
163    -3.92693929e-15
164    -0.00247804936
165    0.000137534566
166    0.000155735068
167    3.13260706e-15
168    -0.00626365238
169    0.00112269793
170    0.000324218375
171    -7.65515909e-15
172    6.44735417e-05
173    -1.59622412e-16
174    7.76157082e-05
175    9.21534485e-17
176    3.22358094e-05
177    -3.58945617e-10
178    1.12178548e-10
179    -2.02536848e-08
180    1.26012237e-08
181    -5.98576908e-07
182    -2.13793313e-06
183    1.07083027e-06
184    2.41248911e-05
185    -1.97842666e-06
186    6.90343665e-16
187    1.01810418e-05
188    -7.92782106e-05
189    5.80823182e-06
190    -3.71401704e-15
191    -7.33862104e-05
192    4.3921389e-05
193    2.77108694e-05
194    5.01026219e-15
195    0.000237166142
196    4.33205646e-05
197    7.94200227e-05
198    -7.38158151e-15
199    0.00056009967
200    0.00365734427
201    -9.07590134e-05
202    -1.10545862e-14
203    1.15801747e-05
204    -7.09218587e-16
205    1.34337405e-06
206    -1.0369957e-15
207    1.71420611e-06
208    -7.97033592e-10
209    1.66456323e-08
210    -7.96390453e-08
211    3.64017164e-07
212    -4.41036452e-06
213    -1.80551407e-05
214    1.24462483e-05
215    6.44943499e-06
216    -1.07343694e-05
217    1.86243004e-15
218    2.91165589e-05
219    -1.95368569e-05
220    3.77250985e-05
221    1.23018473e-15
222    -8.98962687e-05
223    -6.40252692e-05
224    -3.68996908e-05
225    7.13532127e-15
226    -0.000342170382
227    -0.000220204288
228    -3.30962052e-05
229    -3.2947076e-15
230    -0.00136094476
231    8.20347731e-05
232    -0.000451447862
233    -1.6889957e-14
234    -1.14020803e-05
235    8.79370578e-17
236    -3.21502709e-06
237    -1.53970095e-16
238    -1.56511129e-05
239    -9.724061e-10
240    -1.31125676e-08
241    -2.71982571e-08
242    -2.43978315e-07
243    9.1379023e-07
244    6.63518766e-06
245    -4.92298767e-06
246    6.55403938e-06
247    9.89524012e-06
248    -3.71903258e-16
249    -5.54006789e-06
250    -2.4651537e-05
251    -4.97678051e-05
252    3.2148324e-15
253    3.77828415e-05
254    -7.47638063e-06
255    7.08914399e-05
256    -4.10579521e-15
257    0.00464079151
258    -0.00172390681
259    0.000341482999
260    1.72258859e-14
261    -0.000436152401
262    -0.00029876178
263    -0.000322255693
264    -1.07423467e-13
265    -2.43647234e-05
266    -3.61822644e-16
267    8.8527176e-07
268    -3.10184228e-16
269    2.85786698e-05
270    -3.65510018e-06
271    -2.12202349e-05
272    8.80791401e-05
273    0.000735648405
274    7.98990085e-06
275    -2.56020172e-06
276    1.54660289e-17
Sym=X
Ene=0.050137
Spin=Alpha
Occup=1
1    1.69286562e-09
2    -1.15898115e-08
3    1.22100138e-07
4    -2.98420614e-07
5    4.76212766e-06
6    1.86036917e-05
7    -1.06950173e-05
8    9.79237801e-07
9    2.4504971e-06
10    6.91094269e-17
11    -4.97144797e-05
12    -1.37406155e-05
13    -1.53488627e-05
14    8.38870945e-16
15    0.000334597833
16    2.98560879e-05
17    0.0002002945
18    5.08101826e-15
19    -0.00206733819
20    -0.000440773458
21    0.000231401508
22    -4.94889194e-14
23    -0.00066625022
24    -0.000276542546
25    -4.80910475e-05
26    1.07348798e-13
27    -1.4148038e-05
28    1.33424775e-17
29    -3.57162993e-06
30    1.50809952e-16
31    7.91096037e-06
32    -3.55176042e-07
33    -2.50785112e-05
34    7.4314575e-06
35    -0.000122418787
36    -7.90283475e-07
37    -1.90368125e-06
38    2.33135718e-16
39    1.49545197e-06
40    7.41579541e-06
41    0.000162192455
42    0.000299838562
43    -3.05114019e-06
44    3.1374951e-06
45    -1.57393069e-16
46    -7.159176e-06
47    3.45104017e-08
48    -7.503932e-06
49    -0.000118661767
50    5.13483081e-06
51    1.0435211e-06
52    5.31781546e-17
53    9.16208693e-10
54    -2.00233637e-09
55    5.66720771e-08
56    -6.88010444e-08
57    1.87625482e-06
58    7.36460849e-06
59    -3.73993705e-06
60    6.03045266e-07
61    -5.97475532e-07
62    -8.10850424e-16
63    -2.11030911e-05
64    -5.11089009e-06
65    -2.4780632e-06
66    2.84255144e-15
67    4.57198653e-05
68    0.000266359736
69    -0.000111046273
70    -3.51633304e-15
71    0.000984697465
72    0.00115175762
73    -0.000125353144
74    -1.82342623e-14
75    0.00107113404
76    0.00024516881
77    0.000437095094
78    -5.26042553e-14
79    3.12382343e-06
80    -4.9548878e-16
81    -1.4934675e-06
82    -3.41457152e-16
83    -5.00826267e-06
84    -2.92450539e-08
85    -2.25414834e-07
86    -1.08414547e-06
87    -3.77024454e-06
88    -8.60865133e-06
89    -1.83775903e-06
90    -1.48563317e-05
91    1.7567409e-06
92    6.15848217e-07
93    6.25810471e-16
94    -8.71966304e-06
95    -5.83639616e-06
96    -1.2401863e-06
97    -1.45101121e-15
98    7.75431948e-05
99    4.96455845e-05
100    -1.93573525e-05
101    4.88774574e-15
102    0.000452374383
103    2.5644952e-05
104    -8.50729228e-05
105    -6.23844418e-15
106    0.00248914261
107    0.000389169465
108    -8.59016704e-05
109    2.06964031e-14
110    -1.70174439e-06
111    -5.74952728e-17
112    -1.12009111e-06
113    -3.33583309e-16
114    6.64333818e-08
115    7.87195785e-09
116    1.20478923e-07
117    2.34444476e-07
118    3.05081507e-06
119    6.34086174e-06
120    0.000112877797
121    1.47010901e-05
122    -3.22211442e-05
123    -2.49242123e-05
124    4.46455815e-16
125    -0.000416069269
126    -0.000433489628
127    -0.000287156206
128    -3.15465517e-15
129    0.00080380102
130    0.000327015367
131    0.000212190507
132    3.99307869e-15
133    0.000396498764
134    0.00317675529
135    0.00166094787
136    -7.29937104e-14
137    -0.000189945861
138    0.000439866854
139    -0.000744585791
140    6.41062039e-14
141    -0.000248846934
142    -5.74086535e-16
143    7.36603077e-05
144    -3.97979327e-16
145    -0.000112529806
146    -0.00104385846
147    -0.00794076078
148    -0.0389358877
149    -0.132510477
150    -0.327965298
151    -0.155500082
152    -0.471306909
153    0.00155769797
154    0.000937586981
155    -1.08711605e-15
156    -0.00493804623
157    -0.000723774019
158    -0.00043426097
159    5.65827446e-16
160    0.000639090882
161    0.000388898269
162    0.000223590313
163    -6.57349573e-15
164    -0.00302016047
165    0.000151001803
166    0.000147232848
167    1.35296421e-14
168    -0.00642950465
169    0.00119545402
170    0.000375795558
171    4.19033821e-15
172    9.17404897e-05
173    -6.04614442e-17
174    0.000107304865
175    1.79870984e-16
176    4.55158903e-05
177    7.82155003e-10
178    -2.43589175e-08
179    9.54034487e-08
180    -5.21697357e-07
181    5.81679013e-06
182    2.40125699e-05
183    -1.69520111e-05
184    1.73760793e-05
185    -1.30729752e-06
186    -7.64022703e-16
187    -2.40811271e-05
188    -5.70472184e-05
189    8.66671154e-06
190    4.43299268e-16
191    -0.00012309943
192    4.83527351e-05
193    5.73135759e-05
194    -6.75155486e-15
195    0.00014462153
196    9.83836257e-05
197    -9.73011956e-05
198    3.0203714e-14
199    0.00217546314
200    0.00283156389
201    -5.5885281e-05
202    2.7713883e-14
203    1.23809735e-05
204    -6.30327782e-16
205    6.28149163e-06
206    -2.56875995e-16
207    -2.84261856e-05
208    1.69394712e-10
209    -3.71855887e-09
210    1.79358335e-08
211    -8.09335827e-08
212    9.349445e-07
213    3.68444385e-06
214    -2.36180653e-06
215    5.13643438e-07
216    -5.77293072e-07
217    -3.43627888e-16
218    -2.62438849e-06
219    -4.08370231e-06
220    2.61511553e-06
221    3.47729388e-15
222    -0.000117880878
223    -9.70242374e-05
224    -3.27084181e-05
225    -5.55959823e-15
226    -0.000667990573
227    -0.000250170741
228    -3.27459641e-05
229    3.14786782e-14
230    -2.49012191e-05
231    -0.000256257154
232    0.000122009341
233    -9.76259202e-15
234    4.01742082e-06
235    -8.15750541e-17
236    -4.81378246e-07
237    -2.4018802e-16
238    1.41852796e-06
239    -1.39435844e-09
240    -1.86091698e-08
241    -3.9409628e-08
242    -3.42911274e-07
243    1.34294585e-06
244    1.03359193e-05
245    -7.16960818e-06
246    7.90821629e-06
247    1.38878663e-05
248    -9.5941478e-16
249    -7.68674251e-06
250    -2.12694883e-05
251    -7.06298925e-05
252    3.96526953e-15
253    -0.000178579136
254    0.00013104594
255    2.15788232e-05
256    -1.08990201e-14
257    0.00348410993
258    -0.00170352736
259    7.36090735e-05
260    7.57557805e-14
261    -0.000497271239
262    -0.000309605655
263    -0.000174642308
264    -1.22019954e-13
265    -3.97224251e-05
266    -2.03810758e-16
267    -2.14819108e-08
268    1.97278506e-16
269    3.96680631e-05
270    -5.6923528e-06
271    -5.35444327e-05
272    6.90780503e-05
273    0.000960503723
274    1.47190482e-05
275    -6.04070896e-06
276    1.37801267e-16
Sym=X
Ene=2.2e-05
Spin=Alpha
Occup=1
1    -7.18973136e-10
2    1.08781957e-09
3    -4.3413627e-08
4    4.28164997e-08
5    -1.40819524e-06
6    -5.63562113e-06
7    2.74848606e-06
8    1.67157675e-06
9    -4.84436304e-07
10    7.78834691e-16
11    1.67289906e-05
12    -1.73961418e-05
13    4.58790654e-06
14    2.57611836e-15
15    -0.000131174448
16    -2.49410868e-05
17    -0.000137438862
18    -3.24283561e-16
19    -0.0029885521
20    -1.82739501e-05
21    -0.00120045562
22    4.56317315e-14
23    -0.000350539828
24    -0.000251061985
25    0.000198784701
26    1.51088654e-14
27    -8.3644458e-06
28    -1.03631822e-16
29    2.51847193e-06
30    -4.285044e-16
31    -4.34848586e-06
32    6.84933012e-06
33    -1.28470933e-05
34    -2.46564479e-05
35    8.8638051e-05
36    3.31678177e-06
37    -8.24688239e-06
38    1.0706934e-15
39    1.34282491e-06
40    -1.91701411e-05
41    -0.000102740577
42    -0.000747436637
43    -1.28819311e-06
44    -3.40091632e-06
45    2.49389531e-16
46    5.15678998e-06
47    9.55074933e-07
48    -9.78286496e-05
49    0.000118983738
50    8.81742114e-06
51    5.10149992e-07
52    -3.10971663e-16
53    -8.8695231e-09
54    -1.28924009e-07
55    -2.73014348e-07
56    -3.22529398e-06
57    -7.00916663e-06
58    -0.00011976216
59    -1.46392186e-05
60    -3.50163769e-05
61    2.15681996e-05
62    2.41410912e-15
63    0.000444378499
64    -0.000453052064
65    0.000272234138
66    -8.32412932e-16
67    -0.000886856549
68    0.000483007468
69    -0.00029142749
70    6.12503109e-15
71    -0.0020926184
72    0.00276278548
73    -0.00174316325
74    4.84232518e-14
75    0.00144934385
76    0.000120774497
77    0.000255390102
78    2.86501876e-15
79    -0.000243401911
80    -6.4037175e-16
81    -8.00006794e-05
82    -1.11598551e-15
83    0.000127151466
84    0.0010423249
85    0.00792909372
86    0.0388786882
87    0.132316096
88    0.327485813
89    0.155293532
90    0.470599575
91    0.00159087122
92    -0.000973623184
93    1.02325227e-15
94    0.00493159719
95    -0.000741869259
96    0.000452127484
97    6.30758142e-16
98    -0.000581036353
99    0.000411231491
100    -0.000250986336
101    5.36875221e-15
102    0.0032586041
103    0.000236914425
104    -0.000146661087
105    -5.97830816e-15
106    0.00767431107
107    0.001415556
108    -0.000696262741
109    5.74719121e-15
110    8.58757136e-05
111    -7.75342076e-16
112    -7.52052622e-05
113    1.66997255e-16
114    -4.74130172e-05
115    -3.81113844e-10
116    8.47637521e-09
117    -3.76895255e-08
118    2.30463333e-07
119    -1.32251608e-06
120    -3.42319562e-07
121    4.11021551e-06
122    2.83354962e-07
123    -8.01869308e-07
124    -1.86343223e-15
125    -6.05841795e-06
126    -3.47337147e-05
127    -1.29415307e-05
128    8.35433017e-16
129    0.000104341342
130    0.00025431153
131    0.000168773789
132    -9.34178466e-15
133    -0.0018370319
134    0.00128933164
135    0.000488489082
136    6.45725893e-14
137    -0.000417969515
138    0.00019737631
139    -0.000292799649
140    4.83710071e-14
141    -9.64181977e-06
142    -9.41425546e-16
143    3.47322152e-06
144    -1.16115449e-15
145    -5.3319372e-07
146    -5.6396452e-05
147    -0.000429010464
148    -0.00210359581
149    -0.00715904687
150    -0.0177198027
151    -0.00840483375
152    -0.0254608594
153    8.58258674e-05
154    5.04631836e-05
155    -7.76619066e-16
156    -0.000255302202
157    -4.46433997e-05
158    -2.37418315e-05
159    -2.87120628e-15
160    -5.79797598e-05
161    7.6985274e-05
162    3.61655573e-05
163    7.49705934e-16
164    -0.000618031891
165    5.03791522e-05
166    8.00218652e-05
167    -8.61323803e-15
168    -0.00272724882
169    0.000447209187
170    9.95793922e-05
171    -1.49877913e-14
172    3.34740902e-06
173    -1.69511609e-16
174    7.06314862e-06
175    -4.23676442e-17
176    2.01511156e-06
177    -1.26931118e-09
178    2.37235213e-08
179    -1.21216863e-07
180    5.22656403e-07
181    -6.48178131e-06
182    -2.62819926e-05
183    1.79278438e-05
184    1.76504922e-05
185    -1.56130723e-06
186    1.72512674e-15
187    3.78367627e-05
188    -5.80538975e-05
189    -8.73892713e-08
190    -5.73377218e-15
191    1.42567671e-05
192    1.59621367e-05
193    -1.58604719e-05
194    1.36874876e-14
195    0.000198860755
196    -3.32928042e-05
197    0.000207563437
198    -3.97607332e-14
199    -0.00130438289
200    0.00248492573
201    -7.5576599e-05
202    -4.25985987e-14
203    4.56407705e-06
204    -4.03279658e-16
205    -4.15749992e-06
206    -1.23271713e-15
207    2.99462131e-05
208    -1.30231249e-09
209    2.73730511e-08
210    -1.31103204e-07
211    5.9823752e-07
212    -7.20399364e-06
213    -2.93533354e-05
214    2.0062383e-05
215    8.71524654e-06
216    -1.47741035e-05
217    2.99262409e-15
218    4.41275882e-05
219    -2.39553413e-05
220    5.13553115e-05
221    -1.60656986e-15
222    -1.43736343e-05
223    2.40405174e-06
224    -2.10659576e-05
225    1.55698122e-14
226    0.000157429828
227    -7.2531436e-05
228    -1.55968926e-05
229    -3.51565277e-14
230    -0.00191983076
231    0.000365062272
232    -0.000762854121
233    -1.46812142e-14
234    -2.01724731e-05
235    2.04516344e-16
236    -4.12655997e-06
237    1.24181578e-17
238    -2.3727614e-05
239    -4.01307286e-11
240    -7.28118556e-10
241    -7.26490284e-10
242    -1.67779197e-08
243    6.13950013e-09
244    -5.20885796e-07
245    -9.63676159e-08
246    1.71161295e-06
247    6.99710766e-07
248    3.96866097e-16
249    -4.77536785e-07
250    -1.4636492e-05
251    -2.76339609e-06
252    7.56183837e-16
253    0.000226713751
254    -0.000137444589
255    8.03844746e-05
256    4.67847651e-15
257    0.00325840999
258    -0.000814473415
259    0.000416555749
260    -4.86766325e-14
261    -0.000141953483
262    -0.000127246181
263    -0.000291359021
264    -3.54048961e-14
265    3.62339521e-06
266    -3.1965913e-16
267    1.28526676e-06
268    -6.33889511e-16
269    2.44822228e-06
270    2.8562752e-07
271    2.14853998e-05
272    5.89869179e-05
273    0.000121639435
274    -2.8258323e-06
275    2.18651425e-06
276    -1.11209256e-16
Sym=X
Ene=0.023095
Spin=Alpha
Occup=1
1    8.1122921e-10
2    -1.71382681e-09
3    5.00553801e-08
4    -5.89569003e-08
5    1.66681926e-06
6    6.64615611e-06
7    -3.32871138e-06
8    -1.62126125e-06
9    6.17168184e-07
10    -7.76249281e-16
11    -1.94318727e-05
12    1.66812639e-05
13    -5.42155209e-06
14    -2.53468696e-15
15    0.000149393049
16    2.65860682e-05
17    0.00014843083
18    5.98504565e-16
19    0.00288153787
20    -5.4466558e-06
21    0.00121467671
22    -4.83646913e-14
23    0.000315156812
24    0.000236529685
25    -0.000201666121
26    -9.34736963e-15
27    7.61442117e-06
28    1.04502084e-16
29    -2.7145784e-06
30    4.37255594e-16
31    4.78105387e-06
32    -6.87847334e-06
33    1.15147233e-05
34    2.5092854e-05
35    -9.53630494e-05
36    -3.3642056e-06
37    8.15636839e-06
38    -1.05969728e-15
39    -1.26421728e-06
40    1.95976874e-05
41    0.000111629045
42    0.000764682956
43    1.12569071e-06
44    3.57492249e-06
45    -2.58233695e-16
46    -5.55003554e-06
47    -9.54611101e-07
48    9.75673025e-05
49    -0.000125550659
50    -8.5536579e-06
51    -4.54674171e-07
52    3.14291076e-16
53    8.93184448e-09
54    1.29004502e-07
55    2.76466541e-07
56    3.22629972e-06
57    7.1204937e-06
58    0.000120333924
59    1.44591136e-05
60    3.51000294e-05
61    -2.16319028e-05
62    -2.46132212e-15
63    -0.000446164742
64    0.000453438665
65    -0.00027276541
66    9.86775736e-16
67    0.000890615564
68    -0.000469362678
69    0.000285870518
70    -6.32342793e-15
71    0.00214872793
72    -0.0027047696
73    0.00173895662
74    -4.94764005e-14
75    -0.0013937526
76    -0.000107742138
77    -0.000232214125
78    -5.70333502e-15
79    0.000243925847
80    6.14612228e-16
81    8.00371062e-05
82    1.09921959e-15
83    -0.000127607075
84    -0.00104384943
85    -0.00794069111
86    -0.0389355525
87    -0.132509627
88    -0.327964768
89    -0.155520532
90    -0.471287972
91    -0.00159310101
92    0.000975078931
93    -9.91030905e-16
94    -0.00493927256
95    0.000742638765
96    -0.000452854907
97    -7.09855069e-16
98    0.00058606306
99    -0.000409157617
100    0.000250310149
101    -5.11326217e-15
102    -0.00323899295
103    -0.000235878923
104    0.000142291948
105    5.65093792e-15
106    -0.00755141791
107    -0.00139665721
108    0.000692651979
109    -4.64053989e-15
110    -8.60928711e-05
111    7.73377293e-16
112    7.52547985e-05
113    -1.85213538e-16
114    4.74858718e-05
115    8.0578378e-10
116    -1.99778425e-09
117    5.03756283e-08
118    -6.64330003e-08
119    1.6660715e-06
120    6.42427392e-06
121    -3.32417853e-06
122    -2.01972961e-06
123    -5.39786981e-07
124    1.89020835e-15
125    -1.63490623e-05
126    1.14295851e-05
127    -2.51051532e-06
128    -1.00661527e-15
129    -6.11878557e-05
130    -0.000237064681
131    -0.000157588316
132    9.57056688e-15
133    0.00186107794
134    -0.00112006321
135    -0.000399716854
136    -6.85995781e-14
137    0.000408346606
138    -0.000173966237
139    0.000253111826
140    -4.49878681e-14
141    -3.75108017e-06
142    9.11871329e-16
143    4.90259106e-07
144    1.14140935e-15
145    -5.52873291e-06
146    2.39472512e-07
147    1.81734846e-06
148    8.94225009e-06
149    3.03138376e-05
150    7.60894709e-05
151    3.93227955e-05
152    0.000105720623
153    -2.02804199e-06
154    -2.30641316e-08
155    7.19183843e-16
156    -1.03691406e-05
157    5.71425874e-06
158    3.80084457e-07
159    2.90588618e-15
160    9.24964179e-05
161    -5.61453022e-05
162    -2.41721482e-05
163    -1.1049579e-15
164    0.000456219397
165    -4.23173215e-05
166    -7.22064034e-05
167    9.35475188e-15
168    0.00238483478
169    -0.000383455796
170    -7.94783603e-05
171    1.52354505e-14
172    1.59035133e-06
173    1.66501836e-16
174    -1.29226418e-06
175    5.21203567e-17
176    4.34178415e-07
177    1.3133055e-09
178    -2.50705557e-08
179    1.26533973e-07
180    -5.51527257e-07
181    6.80463984e-06
182    2.76141052e-05
183    -1.88673524e-05
184    -1.67401201e-05
185    1.49315592e-06
186    -1.76881016e-15
187    -3.91894517e-05
188    5.50652192e-05
189    5.54448547e-07
190    5.76603322e-15
191    -2.09097572e-05
192    -1.33803857e-05
193    1.89714974e-05
194    -1.40712362e-14
195    -0.000191359618
196    3.86420084e-05
197    -0.000213108952
198    4.14460966e-14
199    0.00142349495
200    -0.00233600188
201    7.26761242e-05
202    4.41539652e-14
203    -3.90370284e-06
204    3.69909073e-16
205    4.5019989e-06
206    1.22067869e-15
207    -3.15214695e-05
208    1.31334169e-09
209    -2.76133888e-08
210    1.32261078e-07
211    -6.03472022e-07
212    7.26489092e-06
213    2.95947284e-05
214    -2.0218942e-05
215    -8.70030716e-06
216    1.47645875e-05
217    -3.01551008e-15
218    -4.4333456e-05
219    2.37703273e-05
220    -5.12894539e-05
221    1.79626145e-15
222    8.04363333e-06
223    -7.63488511e-06
224    1.9334524e-05
225    -1.58920927e-14
226    -0.000193648805
227    5.91591025e-05
228    1.38554452e-05
229    3.69038543e-14
230    0.00192129425
231    -0.000379401891
232    0.000770542161
233    1.41766913e-14
234    2.04183916e-05
235    -2.09210137e-16
236    4.10665437e-06
237    -2.53767782e-17
238    2.38387078e-05
239    -3.4933709e-11
240    -2.73413463e-10
241    -1.39569881e-09
242    -1.6724057e-09
243    6.62046747e-08
244    1.07850943e-06
245    -2.89764567e-07
246    -1.28804724e-06
247    4.74957215e-08
248    -4.49135816e-16
249    6.41001722e-08
250    1.35119531e-05
251    -1.03785367e-06
252    -5.43654084e-16
253    -0.000236666213
254    0.000144705699
255    -7.93393346e-05
256    -5.2725127e-15
257    -0.00307545943
258    0.000723883452
259    -0.000413198586
260    5.28292062e-14
261    0.000115369686
262    0.000110751649
263    0.000282375622
264    2.88826253e-14
265    -5.76879235e-06
266    3.09145587e-16
267    -1.28830204e-06
268    6.45444355e-16
269    -3.14625247e-07
270    -5.92728573e-07
271    -2.44015758e-05
272    -5.53514244e-05
273    -7.00686394e-05
274    3.6229711e-06
275    -2.5151609e-06
276    1.18795987e-16
Sym=X
Ene=0.039606
Spin=Alpha
Occup=1
1    1.69305181e-09
2    -1.1590205e-08
3    1.22111627e-07
4    -2.98434149e-07
5    4.76251025e-06
6    1.86052172e-05
7    -1.06957813e-05
8    9.78865782e-07
9    2.45063877e-06
10    6.89312987e-17
11    -4.97189399e-05
12    -1.37367879e-05
13    -1.53501071e-05
14    8.38289315e-16
15    0.000334632122
16    2.98621893e-05
17    0.000200328565
18    5.0811557e-15
19    -0.002066677
20    -0.000440774717
21    0.00023168025
22    -4.95000189e-14
23    -0.000666177913
24    -0.000276488274
25    -4.81373257e-05
26    1.07346655e-13
27    -1.4146291e-05
28    1.33664583e-17
29    -3.57225293e-06
30    1.50910294e-16
31    7.91205766e-06
32    -3.56754485e-07
33    -2.50758694e-05
34    7.43721583e-06
35    -0.000122440673
36    -7.91055491e-07
37    -1.90180961e-06
38    2.32892549e-16
39    1.49516189e-06
40    7.42029273e-06
41    0.000162218075
42    0.000300014044
43    -3.05088194e-06
44    3.13831551e-06
45    -1.5745233e-16
46    -7.16044974e-06
47    3.42913432e-08
48    -7.48154291e-06
49    -0.00011869058
50    5.13286806e-06
51    1.04341678e-06
52    5.32502775e-17
53    9.18258345e-10
54    -1.97273313e-09
55    5.67355204e-08
56    -6.80606913e-08
57    1.87788883e-06
58    7.39222223e-06
59    -3.73661912e-06
60    6.1109985e-07
61    -6.0243952e-07
62    -8.11415252e-16
63    -2.12054751e-05
64    -5.00683745e-06
65    -2.54065603e-06
66    2.84277793e-15
67    4.592424e-05
68    0.000266252034
69    -0.000110980675
70    -3.51778418e-15
71    0.000985190564
72    0.00115113697
73    -0.000124954099
74    -1.82456162e-14
75    0.00107081423
76    0.000245144091
77    0.000437041816
78    -5.26055651e-14
79    3.17979832e-06
80    -4.95347752e-16
81    -1.47510103e-06
82    -3.41204916e-16
83    -5.03754538e-06
84    -2.68782171e-07
85    -2.04760318e-06
86    -1.00188728e-05
87    -3.4177862e-05
88    -8.38682942e-05
89    -3.75257987e-05
90    -0.000123005035
91    1.39116443e-06
92    8.39604251e-07
93    6.25583067e-16
94    -9.85310169e-06
95    -5.66597941e-06
96    -1.3441051e-06
97    -1.45117413e-15
98    7.7677683e-05
99    4.95516941e-05
100    -1.9299913e-05
101    4.88657248e-15
102    0.000451631125
103    2.55908242e-05
104    -8.5040272e-05
105    -6.23714756e-15
106    0.0024874098
107    0.000388848975
108    -8.57427259e-05
109    2.06953386e-14
110    -1.72150057e-06
111    -5.73178033e-17
112    -1.10282205e-06
113    -3.33625818e-16
114    7.7330193e-08
115    7.87214292e-09
116    1.20478467e-07
117    2.3445604e-07
118    3.05079989e-06
119    6.34124419e-06
120    0.000112879273
121    1.47003276e-05
122    -3.22216083e-05
123    -2.49243367e-05
124    4.46889579e-16
125    -0.000416073029
126    -0.000433487014
127    -0.000287156788
128    -3.15488623e-15
129    0.000803786995
130    0.000326960973
131    0.000212154349
132    3.99527498e-15
133    0.000396925842
134    0.00317649833
135    0.00166085618
136    -7.30094537e-14
137    -0.000189852159
138    0.000439826941
139    -0.000744527723
140    6.40958816e-14
141    -0.0002488478
142    -5.73877295e-16
143    7.36604216e-05
144    -3.9771741e-16
145    -0.000112531077
146    -0.00104385842
147    -0.00794076052
148    -0.0389358864
149    -0.132510473
150    -0.327965287
151    -0.155500076
152    -0.471306894
153    0.00155769754
154    0.000937586994
155    -1.08695103e-15
156    -0.00493804871
157    -0.000723772722
158    -0.000434260892
159    5.66494285e-16
160    0.00063911212
161    0.000388885393
162    0.000223584771
163    -6.57374942e-15
164    -0.00302005584
165    0.000150992095
166    0.000147216282
167    1.3531789e-14
168    -0.00642895752
169    0.00119536605
170    0.000375777328
171    4.19383445e-15
172    9.17408565e-05
173    -6.04232374e-17
174    0.000107304571
175    1.79882948e-16
176    4.55159909e-05
177    7.82456389e-10
178    -2.43646711e-08
179    9.54324869e-08
180    -5.21823929e-07
181    5.81835174e-06
182    2.40189071e-05
183    -1.69563411e-05
184    1.73722382e-05
185    -1.30695491e-06
186    -7.64428616e-16
187    -2.40901205e-05
188    -5.70345834e-05
189    8.66683894e-06
190    4.44622436e-16
191    -0.00012310423
192    4.83496656e-05
193    5.73179305e-05
194    -6.75478399e-15
195    0.000144577621
196    9.8392495e-05
197    -9.73501007e-05
198    3.02132254e-14
199    0.00217578984
200    0.00283102789
201    -5.58686048e-05
202    2.77240158e-14
203    1.2380078e-05
204    -6.3024291e-16
205    6.28252485e-06
206    -2.56595886e-16
207    -2.84334196e-05
208    1.69696094e-10
209    -3.72489552e-09
210    1.79661844e-08
211    -8.10720659e-08
212    9.36611628e-07
213    3.69123516e-06
214    -2.36644632e-06
215    5.11646947e-07
216    -5.73904983e-07
217    -3.44319878e-16
218    -2.63456196e-06
219    -4.0782477e-06
220    2.60334594e-06
221    3.47770615e-15
222    -0.000117879035
223    -9.70259914e-05
224    -3.2703982e-05
225    -5.56324518e-15
226    -0.000668035023
227    -0.00025015717
228    -3.27427852e-05
229    3.14871473e-14
230    -2.4460331e-05
231    -0.000256344223
232    0.000122186164
233    -9.75933902e-15
234    4.0221064e-06
235    -8.16230642e-17
236    -4.80435882e-07
237    -2.40193848e-16
238    1.42399837e-06
239    -1.39436648e-09
240    -1.86092329e-08
241    -3.94099491e-08
242    -3.42911665e-07
243    1.34296107e-06
244    1.03361669e-05
245    -7.16967481e-06
246    7.90792088e-06
247    1.38878775e-05
248    -9.59517864e-16
249    -7.68672796e-06
250    -2.12663881e-05
251    -7.06301321e-05
252    3.96514485e-15
253    -0.000178633449
254    0.000131079149
255    2.15606173e-05
256    -1.09002302e-14
257    0.00348340426
258    -0.00170336128
259    7.35142563e-05
260    7.5767905e-14
261    -0.000497244775
262    -0.000309580247
263    -0.000174577513
264    -1.22013329e-13
265    -3.97237496e-05
266    -2.03739821e-16
267    -2.1777544e-08
268    1.97426623e-16
269    3.96679917e-05
270    -5.69248893e-06
271    -5.35500333e-05
272    6.90653499e-05
273    0.000960487663
274    1.47198799e-05
275    -6.04128624e-06
276    1.37828531e-16
Sym=X
Ene=0.010908
Spin=Alpha
Occup=1
1    -8.1145455e-10
2    1.71536947e-09
3    -5.00716328e-08
4    5.89966219e-08
5    -1.66745314e-06
6    -6.64863242e-06
7    3.33013497e-06
8    1.62113094e-06
9    -6.17494362e-07
10    7.76240097e-16
11    1.94384902e-05
12    -1.66794353e-05
13    5.42359516e-06
14    2.53457534e-15
15    -0.000149437588
16    -2.65900426e-05
17    -0.000148457492
18    -5.99180872e-16
19    -0.00288126275
20    5.50532395e-06
21    -0.00121470753
22    4.83712792e-14
23    -0.000315068138
24    -0.000236492881
25    0.000201672526
26    9.3330814e-15
27    -7.61253817e-06
28    -1.04503862e-16
29    2.71505385e-06
30    -4.37275675e-16
31    -4.78210692e-06
32    6.87852074e-06
33    -1.15113855e-05
34    -2.50938436e-05
35    9.53793453e-05
36    3.36431085e-06
37    -8.15611515e-06
38    1.05966627e-15
39    1.26401826e-06
40    -1.95986748e-05
41    -0.000111650635
42    -0.000764722879
43    -1.12528462e-06
44    -3.57534017e-06
45    2.58254649e-16
46    5.55098854e-06
47    9.54606524e-07
48    -9.75663055e-05
49    0.000125566456
50    8.5529746e-06
51    4.54535284e-07
52    -3.14298159e-16
53    -8.93196659e-09
54    -1.29004238e-07
55    -2.76474089e-07
56    -3.22629062e-06
57    -7.12074356e-06
58    -0.000120334906
59    -1.44586161e-05
60    -3.51001103e-05
61    2.16319828e-05
62    2.46143009e-15
63    0.000446167559
64    -0.000453437993
65    0.000272765745
66    -9.87154105e-16
67    -0.000890621665
68    0.000469327233
69    -0.000285855742
70    6.32389608e-15
71    -0.00214885904
72    0.00270461634
73    -0.00173893996
74    4.94788284e-14
75    0.00139361005
76    0.000107709507
77    0.000232155951
78    5.71033688e-15
79    -0.000243926267
80    -6.14546289e-16
81    -8.00369088e-05
82    -1.09917416e-15
83    0.000127607744
84    0.00104384945
85    0.00794069128
86    0.0389355533
87    0.13250963
88    0.327964775
89    0.155520535
90    0.471287982
91    0.0015931008
92    -0.00097507903
93    9.90947625e-16
94    0.00493927381
95    -0.000742638001
96    0.00045285508
97    7.10048215e-16
98    -0.000586073392
99    0.000409151016
100    -0.000250307577
101    5.11261169e-15
102    0.00323893279
103    0.000235875514
104    -0.000142280627
105    -5.65010767e-15
106    0.00755108673
107    0.00139660544
108    -0.000692640557
109    4.63778523e-15
110    8.60930991e-05
111    -7.73369654e-16
112    -7.52546508e-05
113    1.85257942e-16
114    -4.74858815e-05
115    -8.06831572e-10
116    1.98174824e-09
117    -5.04068344e-08
118    6.60269304e-08
119    -1.66691551e-06
120    -6.43929835e-06
121    3.32222183e-06
122    2.02401836e-06
123    5.43104466e-07
124    -1.89026781e-15
125    1.64044425e-05
126    -1.13718867e-05
127    2.54873658e-06
128    1.00703518e-15
129    6.10808689e-05
130    0.000237021159
131    0.000157560076
132    -9.57109854e-15
133    -0.00186113075
134    0.0011196404
135    0.000399495784
136    6.8609295e-14
137    -0.000408321331
138    0.000173907692
139    -0.000253012725
140    4.49793362e-14
141    3.78420239e-06
142    -9.11794933e-16
143    -5.00063486e-07
144    -1.1413564e-15
145    5.54371101e-06
146    -1.00532336e-07
147    -7.60413301e-07
148    -3.75978589e-06
149    -1.26763611e-05
150    -3.24364681e-05
151    -1.86253451e-05
152    -4.29884928e-05
153    1.82070852e-06
154    -1.01731048e-07
155    -7.19039158e-16
156    1.10264071e-05
157    -5.6179227e-06
158    -3.22283239e-07
159    -2.90596155e-15
160    -9.25814841e-05
161    5.60935399e-05
162    2.41423882e-05
163    1.10583287e-15
164    -0.000455817415
165    4.22972235e-05
166    7.21868077e-05
167    -9.35655287e-15
168    -0.00238397904
169    0.000383296685
170    7.94283424e-05
171    -1.52360085e-14
172    -1.60256225e-06
173    -1.66493791e-16
174    1.27798165e-06
175    -5.21442989e-17
176    -4.40236702e-07
177    -1.31340963e-09
178    2.50737984e-08
179    -1.26546673e-07
180    5.51596706e-07
181    -6.80541419e-06
182    -2.76173018e-05
183    1.88696091e-05
184    1.67378076e-05
185    -1.49298195e-06
186    1.76891189e-15
187    3.91926577e-05
188    -5.50576271e-05
189    -5.55602118e-07
190    -5.76609233e-15
191    2.09261424e-05
192    1.33739501e-05
193    -1.89791263e-05
194    1.40721351e-14
195    0.000191340372
196    -3.86551042e-05
197    0.000213121907
198    -4.14501175e-14
199    -0.00142378454
200    0.00233562503
201    -7.26686871e-05
202    -4.41576548e-14
203    3.90205497e-06
204    -3.69825182e-16
205    -4.50283506e-06
206    -1.22064452e-15
207    3.15252537e-05
208    -1.31336426e-09
209    2.76138842e-08
210    -1.32263468e-07
211    6.03482806e-07
212    -7.2650155e-06
213    -2.95952194e-05
214    2.02192568e-05
215    8.70023895e-06
216    -1.47645109e-05
217    3.01555587e-15
218    4.43338061e-05
219    -2.37697841e-05
220    5.12891067e-05
221    -1.79672432e-15
222    -8.02794323e-06
223    7.64779942e-06
224    -1.93301708e-05
225    1.5892833e-14
226    0.00019373772
227    -5.91258052e-05
228    -1.38510869e-05
229    -3.69080449e-14
230    -0.00192129097
231    0.000379436006
232    -0.000770558415
233    -1.41753921e-14
234    -2.04189267e-05
235    2.09220999e-16
236    -4.10659037e-06
237    2.54087483e-17
238    -2.3838897e-05
239    3.51193022e-11
240    2.75890395e-10
241    1.40094436e-09
242    1.71804808e-09
243    -6.63834254e-08
244    -1.07988519e-06
245    2.90718865e-07
246    1.28699466e-06
247    -4.93442322e-08
248    4.49263525e-16
249    -6.30770486e-08
250    -1.35091223e-05
251    1.0472547e-06
252    5.43126307e-16
253    0.000236689986
254    -0.000144723145
255    7.93364638e-05
256    5.27396348e-15
257    0.00307499574
258    -0.000723656721
259    0.000413188796
260    -5.28392905e-14
261    -0.0001153035
262    -0.000110710442
263    -0.000282352381
264    -2.88663846e-14
265    5.77407961e-06
266    -3.09118465e-16
267    1.28830492e-06
268    -6.45470625e-16
269    3.09345334e-07
270    5.9348625e-07
271    2.44087031e-05
272    5.53422309e-05
273    6.99407952e-05
274    -3.62493031e-06
275    2.51596497e-06
276    -1.1881433e-16
Sym=X
Ene=0.000909
Spin=Alpha
Occup=1
1    -7.98404188e-10
2    1.62613889e-09
3    -4.91306132e-08
4    5.66986188e-08
5    -1.63076026e-06
6    -6.50528425e-06
7    3.24774082e-06
8    1.62861693e-06
9    -5.98620177e-07
10    7.76748479e-16
11    1.90553718e-05
12    -1.67846613e-05
13    5.30532848e-06
14    2.54095376e-15
15    -0.000146858491
16    -2.6359511e-05
17    -0.000146911834
18    -5.60066444e-16
19    -0.00289708327
20    2.11358499e-06
21    -0.00121289039
22    4.79890248e-14
23    -0.000320185171
24    -0.000238613638
25    0.000201296409
26    1.01588057e-14
27    -7.72117224e-06
28    -1.04398049e-16
29    2.6874898e-06
30    -4.3610208e-16
31    -4.72109122e-06
32    6.87558057e-06
33    -1.17040077e-05
34    -2.50359056e-05
35    9.44345089e-05
36    3.35812858e-06
37    -8.17051748e-06
38    1.06142823e-15
39    1.27548707e-06
40    -1.95410229e-05
41    -0.000110399266
42    -0.000762392704
43    -1.148728e-06
44    -3.5510907e-06
45    2.57035792e-16
46    5.49573435e-06
47    9.54843308e-07
48    -9.76211058e-05
49    0.000124649619
50    8.59222736e-06
51    4.62551061e-07
52    -3.13879506e-16
53    -8.92464764e-09
54    -1.29015758e-07
55    -2.76029691e-07
56    -3.22672282e-06
57    -7.10609201e-06
58    -0.000120274613
59    -1.44869578e-05
60    -3.50944127e-05
61    2.16267337e-05
62    2.45511677e-15
63    0.000445991737
64    -0.000453463658
65    0.00027273846
66    -9.65252083e-16
67    -0.000890243037
68    0.000471362624
69    -0.000286701586
70    6.2966488e-15
71    -0.00214121745
72    0.00271339717
73    -0.00173985211
74    4.93370325e-14
75    0.00140181001
76    0.000109592737
77    0.000235512226
78    5.30539642e-15
79    -0.000243894882
80    -6.18340359e-16
81    -8.00459891e-05
82    -1.10176842e-15
83    0.000127565363
84    0.00104381778
85    0.00794045031
86    0.038934372
87    0.132505609
88    0.327954828
89    0.155515835
90    0.471273669
91    0.00159306632
92    -0.000975044915
93    9.95733128e-16
94    0.0049390579
95    -0.000742660536
96    0.000452831894
97    6.9886188e-16
98    -0.000585459071
99    0.000409520692
100    -0.000250448983
101    5.15006688e-15
102    0.00324231605
103    0.000236065735
104    -0.000142930943
105    -5.69793975e-15
106    0.00757001218
107    0.00139955787
108    -0.000693280668
109    4.79689594e-15
110    8.60774111e-05
111    -7.73788757e-16
112    -7.52610022e-05
113    1.82685572e-16
114    -4.74839397e-05
115    -7.46235739e-10
116    2.90872501e-09
117    -4.86013605e-08
118    8.94997265e-08
119    -1.61807493e-06
120    -5.57055546e-06
121    3.43524067e-06
122    1.77602874e-06
123    3.51306393e-07
124    -1.88677556e-15
125    1.32024639e-05
126    -1.47070711e-05
127    3.39109184e-07
128    9.82731051e-16
129    6.72639517e-05
130    0.000239530269
131    0.000159188049
132    -9.54008506e-15
133    -0.00185802378
134    0.00114405051
135    0.000412264069
136    6.8045571e-14
137    -0.000409770585
138    0.00017728705
139    -0.000258734388
140    4.54712523e-14
141    1.86931209e-06
142    -9.16184826e-16
143    6.67377886e-08
144    -1.1443843e-15
145    4.67767275e-06
146    -8.13259701e-06
147    -6.18613258e-05
148    -0.000303355546
149    -0.00103229039
150    -0.00255599552
151    -0.00121513488
152    -0.00366950282
153    1.38065082e-05
154    7.11262378e-06
155    -7.27382412e-16
156    -2.69701892e-05
157    -1.11869011e-05
158    -3.66373567e-06
159    -2.90152019e-15
160    -8.76611496e-05
161    5.90842645e-05
162    2.58620977e-05
163    1.05521917e-15
164    -0.000479042593
165    4.34578468e-05
166    7.331753e-05
167    -9.25216587e-15
168    -0.00243337965
169    0.000392483672
170    8.23175439e-05
171    -1.52033066e-14
172    -8.96608082e-07
173    -1.66954002e-16
174    2.10361059e-06
175    -5.07586936e-17
176    -8.99971122e-08
177    -1.3073517e-09
178    2.4885611e-08
179    -1.2580877e-07
180    5.47565838e-07
181    -6.76045132e-06
182    -2.74317028e-05
183    1.87386017e-05
184    1.68710052e-05
185    -1.50299609e-06
186    1.76297975e-15
187    3.90061824e-05
188    -5.54949236e-05
189    -4.88898546e-07
190    -5.7625076e-15
191    1.99783117e-05
192    1.37456018e-05
193    -1.85375497e-05
194    1.40197607e-14
195    0.000192447411
196    -3.78969175e-05
197    0.000212366793
198    -4.12164634e-14
199    -0.00140700233
200    0.0023573424
201    -7.30965123e-05
202    -4.39430773e-14
203    3.99720398e-06
204    -3.74664156e-16
205    -4.45436587e-06
206    -1.22258431e-15
207    3.13055759e-05
208    -1.31202127e-09
209    2.75844395e-08
210    -1.32121474e-07
211    6.02841873e-07
212    -7.2576026e-06
213    -2.95659774e-05
214    2.02004745e-05
215    8.70392911e-06
216    -1.47685081e-05
217    3.01282094e-15
218    4.43122768e-05
219    -2.38004904e-05
220    5.13076838e-05
221    -1.76991382e-15
222    -8.93474694e-06
223    6.90100683e-06
224    -1.95812664e-05
225    1.58495753e-14
226    0.000188591967
227    -6.10489863e-05
228    -1.41026365e-05
229    -3.66647173e-14
230    -0.00192142469
231    0.00037745278
232    -0.000769596387
233    -1.42500843e-14
234    -2.03873991e-05
235    2.08587009e-16
236    -4.11017066e-06
237    2.35598333e-17
238    -2.38272638e-05
239    2.43892212e-11
240    1.32692064e-10
241    1.09766104e-09
242    -9.20566936e-10
243    -5.60480015e-08
244    -1.00032194e-06
245    2.35542878e-07
246    1.3478064e-06
247    5.75187566e-08
248    4.41867682e-16
249    -1.22221516e-07
250    -1.36723754e-05
251    5.0375476e-07
252    5.73621085e-16
253    0.000235308761
254    -0.000143710439
255    7.95001139e-05
256    5.18994105e-15
257    0.00310171191
258    -0.000736742872
259    0.000413742739
260    -5.22547885e-14
261    -0.000119126327
262    -0.000113089397
263    -0.000283687676
264    -2.98044091e-14
265    5.46825769e-06
266    -3.10677393e-16
267    1.28810081e-06
268    -6.439332e-16
269    6.1456568e-07
270    5.49668022e-07
271    2.3995965e-05
272    5.58720912e-05
273    7.73293749e-05
274    -3.51156399e-06
275    2.46940837e-06
276    -1.17750426e-16
Sym=X
Ene=0.025744
Spin=Alpha
Occup=1
1    8.11766326e-10
2    -1.71750399e-09
3    5.00941202e-08
4    -5.90515827e-08
5    1.66833019e-06
6    6.65205869e-06
7    -3.33210469e-06
8    -1.62095058e-06
9    6.17945675e-07
10    -7.76227365e-16
11    -1.94476462e-05
12    1.66769046e-05
13    -5.42642198e-06
14    -2.53442084e-15
15    0.000149499211
16    2.65955412e-05
17    0.00014849438
18    6.00116656e-16
19    0.00288088199
20    -5.58650251e-06
21    0.00121475014
22    -4.83803936e-14
23    0.000314945431
24    0.000236441948
25    -0.000201681382
26    -9.3133106e-15
27    7.60993245e-06
28    1.04506319e-16
29    -2.71571163e-06
30    4.37303448e-16
31    4.78356389e-06
32    -6.87858612e-06
33    1.15067667e-05
34    2.50952122e-05
35    -9.54018912e-05
36    -3.36445639e-06
37    8.15576451e-06
38    -1.05962332e-15
39    -1.26374283e-06
40    1.96000406e-05
41    0.000111680506
42    0.000764778098
43    1.12472268e-06
44    3.57591799e-06
45    -2.58283635e-16
46    -5.55230704e-06
47    -9.54600164e-07
48    9.7564923e-05
49    -0.00012558831
50    -8.55202886e-06
51    -4.54343093e-07
52    3.14307952e-16
53    8.93213529e-09
54    1.29003868e-07
55    2.76484525e-07
56    3.22627794e-06
57    7.12108908e-06
58    0.000120336262
59    1.44579272e-05
60    3.51002212e-05
61    -2.16320927e-05
62    -2.46157942e-15
63    -0.000446171444
64    0.000453437049
65    -0.0002727662
66    9.87677622e-16
67    0.000890630082
68    -0.000469278175
69    0.000285835289
70    -6.32454366e-15
71    0.00214904038
72    -0.00270440421
73    0.00173891687
74    -4.94821864e-14
75    -0.00139341277
76    -0.000107664353
77    -0.000232075449
78    -5.72002514e-15
79    0.000243926842
80    6.1445503e-16
81    8.00366334e-05
82    1.09911127e-15
83    -0.000127608666
84    -0.00104384945
85    -0.00794069129
86    -0.0389355534
87    -0.13250963
88    -0.327964776
89    -0.155520534
90    -0.471287983
91    -0.00159310047
92    0.000975079139
93    -9.90832364e-16
94    -0.00493927539
95    0.000742636923
96    -0.000452855306
97    -7.10315449e-16
98    0.00058608767
99    -0.000409141871
100    0.00025030401
101    -5.11171147e-15
102    -0.00323884946
103    -0.00023587079
104    0.000142264959
105    5.64895869e-15
106    -0.00755062826
107    -0.00139653376
108    0.000692624733
109    -4.63397349e-15
110    -8.60934121e-05
111    7.73359061e-16
112    7.52544442e-05
113    -1.85319378e-16
114    4.74858935e-05
115    8.08281371e-10
116    -1.95955926e-09
117    5.04500125e-08
118    -6.54650522e-08
119    1.66808332e-06
120    6.46008737e-06
121    -3.31951427e-06
122    -2.02995262e-06
123    -5.47694832e-07
124    1.89035003e-15
125    -1.64810711e-05
126    1.12920496e-05
127    -2.601623e-06
128    -1.00761618e-15
129    -6.09328301e-05
130    -0.000236960931
131    -0.000157520995
132    9.57183391e-15
133    0.00186120377
134    -0.00111905532
135    -0.000399189881
136    -6.86227382e-14
137    0.000408286346
138    -0.00017382668
139    0.000252875591
140    -4.49675293e-14
141    -3.83003327e-06
142    9.11689197e-16
143    5.13629727e-07
144    1.14128309e-15
145    -5.56443594e-06
146    -9.17182543e-08
147    -7.02060791e-07
148    -3.41115511e-06
149    -1.17284969e-05
150    -2.79658996e-05
151    -1.00135786e-05
152    -4.38135358e-05
153    -1.53382253e-06
154    2.74409296e-07
155    7.18838937e-16
156    -1.1935862e-05
157    5.48462301e-06
158    2.42304073e-07
159    2.90606575e-15
160    9.2699187e-05
161    -5.60219151e-05
162    -2.41012088e-05
163    -1.10704353e-15
164    0.00045526118
165    -4.22694128e-05
166    -7.2159691e-05
167    9.35904463e-15
168    0.00238279489
169    -0.000383076513
170    -7.93591307e-05
171    1.52367802e-14
172    1.61945836e-06
173    1.66482655e-16
174    -1.25821898e-06
175    5.21774261e-17
176    4.486195e-07
177    1.31355368e-09
178    -2.50782846e-08
179    1.26564244e-07
180    -5.51692787e-07
181    6.80648546e-06
182    2.76217242e-05
183    -1.88727311e-05
184    -1.67346073e-05
185    1.49274117e-06
186    -1.76905259e-15
187    -3.91970926e-05
188    5.50471203e-05
189    5.5719829e-07
190    5.76617394e-15
191    -2.09488139e-05
192    -1.33650447e-05
193    1.89896818e-05
194    -1.40733785e-14
195    -0.000191313735
196    3.86732236e-05
197    -0.000213139826
198    4.145568e-14
199    0.00142418519
200    -0.00233510352
201    7.26583942e-05
202    4.41627588e-14
203    -3.89977471e-06
204    3.69709091e-16
205    4.50399192e-06
206    1.22059721e-15
207    -3.15304889e-05
208    1.31339545e-09
209    -2.76145689e-08
210    1.32266771e-07
211    -6.03497709e-07
212    7.26518766e-06
213    2.95958978e-05
214    -2.02196917e-05
215    -8.70014431e-06
216    1.47644045e-05
217    -3.01561914e-15
218    -4.43342892e-05
219    2.37690319e-05
220    -5.12886249e-05
221    1.79736474e-15
222    8.00623271e-06
223    -7.66566863e-06
224    1.93241467e-05
225    -1.58938568e-14
226    -0.000193860745
227    5.90797302e-05
228    1.38450559e-05
229    3.69138423e-14
230    0.00192128637
231    -0.0003794832
232    0.000770580882
233    1.41735941e-14
234    2.04196665e-05
235    -2.09236022e-16
236    4.10650169e-06
237    -2.54529843e-17
238    2.38391582e-05
239    -3.53761053e-11
240    -2.79317701e-10
241    -1.40820255e-09
242    -1.78120309e-09
243    6.66307595e-08
244    1.08178878e-06
245    -2.92039312e-07
246    -1.28553817e-06
247    5.19020026e-08
248    -4.49440221e-16
249    6.16613576e-08
250    1.3505205e-05
251    -1.06026282e-06
252    -5.42396008e-16
253    -0.000236722875
254    0.000144747279
255    -7.93324892e-05
256    -5.27597076e-15
257    -0.00307435404
258    0.000723342974
259    -0.000413175237
260    5.28532424e-14
261    0.000115211916
262    0.000110653421
263    0.000282320216
264    2.88439117e-14
265    -5.78139538e-06
266    3.09080927e-16
267    -1.28830887e-06
268    6.45506956e-16
269    -3.02039544e-07
270    -5.94534625e-07
271    -2.44185644e-05
272    -5.53295084e-05
273    -6.9763896e-05
274    3.62764115e-06
275    -2.5170775e-06
276    1.18839709e-16
Sym=X
Ene=0.019333
Spin=Alpha
Occup=1
1    8.11731122e-10
2    -1.71726297e-09
3    5.0091581e-08
4    -5.90453767e-08
5    1.66823116e-06
6    6.65167182e-06
7    -3.33188228e-06
8    -1.62097095e-06
9    6.17894715e-07
10    -7.76228804e-16
11    -1.94466123e-05
12    1.66771904e-05
13    -5.42610279e-06
14    -2.53443829e-15
15    0.000149492253
16    2.65949204e-05
17    0.000148490215
18    6.0001099e-16
19    0.00288092499
20    -5.57733599e-06
21    0.00121474533
22    -4.83793645e-14
23    0.000314959287
24    0.000236447699
25    -0.000201680382
26    -9.3155431e-15
27    7.6102267e-06
28    1.04506042e-16
29    -2.71563736e-06
30    4.37300313e-16
31    4.78339938e-06
32    -6.87857875e-06
33    1.15072883e-05
34    2.50950577e-05
35    -9.53993455e-05
36    -3.36443996e-06
37    8.15580411e-06
38    -1.05962818e-15
39    -1.26377393e-06
40    1.95998864e-05
41    0.000111677133
42    0.000764771864
43    1.12478613e-06
44    3.57585275e-06
45    -2.58280362e-16
46    -5.55215817e-06
47    -9.54600884e-07
48    9.75650793e-05
49    -0.000125585842
50    -8.55213567e-06
51    -4.54364796e-07
52    3.14306847e-16
53    8.93211626e-09
54    1.2900391e-07
55    2.76483347e-07
56    3.22627938e-06
57    7.12105008e-06
58    0.000120336109
59    1.4458005e-05
60    3.51002088e-05
61    -2.16320803e-05
62    -2.46156256e-15
63    -0.000446171006
64    0.000453437157
65    -0.000272766149
66    9.87618509e-16
67    0.000890629133
68    -0.000469283716
69    0.000285837599
70    -6.32447055e-15
71    0.00214901991
72    -0.00270442817
73    0.00173891948
74    -4.94818073e-14
75    -0.00139343505
76    -0.000107669452
77    -0.000232084539
78    -5.71893117e-15
79    0.000243926777
80    6.14465336e-16
81    8.00366646e-05
82    1.09911837e-15
83    -0.000127608562
84    -0.00104384945
85    -0.0079406913
86    -0.0389355534
87    -0.13250963
88    -0.327964776
89    -0.155520535
90    -0.471287984
91    -0.00159310051
92    0.000975079128
93    -9.9084538e-16
94    -0.00493927522
95    0.000742637046
96    -0.000452855282
97    -7.10285275e-16
98    0.000586086059
99    -0.000409142904
100    0.000250304414
101    -5.11181313e-15
102    -0.00323885888
103    -0.000235871324
104    0.000142266728
105    5.64908844e-15
106    -0.00755068005
107    -0.00139654186
108    0.000692626521
109    -4.63440391e-15
110    -8.60933769e-05
111    7.73360259e-16
112    7.52544676e-05
113    -1.85312441e-16
114    4.74858923e-05
115    8.08117663e-10
116    -1.9620648e-09
117    5.0445137e-08
118    -6.55284986e-08
119    1.66795146e-06
120    6.45773992e-06
121    -3.31982001e-06
122    -2.02928254e-06
123    -5.47176497e-07
124    1.89034075e-15
125    -1.64724184e-05
126    1.13010647e-05
127    -2.59565116e-06
128    -1.00755058e-15
129    -6.09495465e-05
130    -0.000236967732
131    -0.000157525408
132    9.57175089e-15
133    0.00186119553
134    -0.00111912139
135    -0.000399224424
136    -6.86212203e-14
137    0.000408290297
138    -0.000173835828
139    0.000252891076
140    -4.49688626e-14
141    -3.82485814e-06
142    9.11701138e-16
143    5.12097852e-07
144    1.14129137e-15
145    -5.56209573e-06
146    -7.000966e-08
147    -5.36920822e-07
148    -2.60142522e-06
149    -8.97274383e-06
150    -2.11453718e-05
151    -6.77972233e-06
152    -3.40120054e-05
153    -1.56621719e-06
154    2.54910776e-07
155    7.18861547e-16
156    -1.1833168e-05
157    5.49967498e-06
158    2.51335178e-07
159    2.90605399e-15
160    9.26858964e-05
161    -5.60300029e-05
162    -2.41058588e-05
163    -1.10690682e-15
164    0.00045532399
165    -4.22725532e-05
166    -7.21627531e-05
167    9.35876328e-15
168    0.0023829286
169    -0.000383101375
170    -7.93669461e-05
171    1.52366931e-14
172    1.61755049e-06
173    1.66483913e-16
174    -1.26045055e-06
175    5.21736855e-17
176    4.4767293e-07
177    1.31353742e-09
178    -2.5077778e-08
179    1.2656226e-07
180    -5.51681938e-07
181    6.8063645e-06
182    2.76212248e-05
183    -1.88723786e-05
184    -1.67349687e-05
185    1.49276836e-06
186    -1.7690367e-15
187    -3.91965919e-05
188    5.50483068e-05
189    5.57018054e-07
190    5.76616474e-15
191    -2.09462539e-05
192    -1.33660503e-05
193    1.89884899e-05
194    -1.40732381e-14
195    -0.000191316743
196    3.86711777e-05
197    -0.000213137803
198    4.1455052e-14
199    0.00142413995
200    -0.00233516241
201    7.26595566e-05
202    4.41621825e-14
203    -3.9000322e-06
204    3.697222e-16
205    4.5038613e-06
206    1.22060255e-15
207    -3.15298978e-05
208    1.31339193e-09
209    -2.76144917e-08
210    1.32266398e-07
211    -6.03496027e-07
212    7.26516823e-06
213    2.95958213e-05
214    -2.02196426e-05
215    -8.70015501e-06
216    1.47644166e-05
217    -3.015612e-15
218    -4.43342347e-05
219    2.37691169e-05
220    -5.12886794e-05
221    1.79729243e-15
222    8.00868424e-06
223    -7.66365089e-06
224    1.9324827e-05
225    -1.58937413e-14
226    -0.000193846854
227    5.9084933e-05
228    1.38457369e-05
229    3.69131877e-14
230    0.00192128689
231    -0.000379477872
232    0.000770578346
233    1.41737971e-14
234    2.0419583e-05
235    -2.09234326e-16
236    4.10651171e-06
237    -2.54479893e-17
238    2.38391287e-05
239    -3.53471076e-11
240    -2.78930696e-10
241    -1.40738297e-09
242    -1.77407174e-09
243    6.66028311e-08
244    1.08157383e-06
245    -2.9189021e-07
246    -1.28570264e-06
247    5.16131838e-08
248    -4.49420269e-16
249    6.1821215e-08
250    1.35056474e-05
251    -1.05879397e-06
252    -5.42478473e-16
253    -0.000236719161
254    0.000144744554
255    -7.93329381e-05
256    -5.27574411e-15
257    -0.00307442651
258    0.000723378403
259    -0.000413176769
260    5.28516671e-14
261    0.000115222258
262    0.00011065986
263    0.000282323848
264    2.88464494e-14
265    -5.78056931e-06
266    3.09085166e-16
267    -1.28830843e-06
268    6.45502854e-16
269    -3.02864502e-07
270    -5.94416246e-07
271    -2.4417451e-05
272    -5.53309451e-05
273    -6.97838713e-05
274    3.62733505e-06
275    -2.51695188e-06
276    1.18836844e-16
Sym=X
Ene=0.001631
Spin=Alpha
Occup=1
1    7.52954873e-10
2    -1.31713009e-09
3    4.5857255e-08
4    -4.87337966e-08
5    1.5032531e-06
6    6.0070904e-06
7    -2.96161117e-06
8    -1.65373696e-06
9    5.33142139e-07
10    -7.78150875e-16
11    -1.77231173e-05
12    1.71405408e-05
13    -4.89433128e-06
14    -2.56183166e-15
15    0.000137881482
16    2.5551075e-05
17    0.000141505059
18    4.24681341e-16
19    0.00295041888
20    9.60493057e-06
21    0.00120606001
22    -4.6646571e-14
23    0.000337717259
24    0.000245831564
25    -0.000199905303
26    -1.30068338e-14
27    8.09295574e-06
28    1.03984922e-16
29    -2.59103882e-06
30    4.31848907e-16
31    4.50814704e-06
32    -6.86229016e-06
33    1.23641328e-05
34    2.48243372e-05
35    -9.11273213e-05
36    -3.33524034e-06
37    8.21655073e-06
38    -1.06703168e-15
39    -1.31452758e-06
40    1.93329466e-05
41    0.000106025816
42    0.00075399518
43    1.22919521e-06
44    3.46569717e-06
45    -2.52707848e-16
46    -5.30234168e-06
47    -9.55226251e-07
48    9.77659443e-05
49    -0.000121425393
50    -8.72392006e-06
51    -4.90032669e-07
52    3.12290149e-16
53    8.89529603e-09
54    1.28996772e-07
55    2.74368639e-07
56    3.22674566e-06
57    7.05223687e-06
58    0.000120011513
59    1.45782697e-05
60    3.50587377e-05
61    -2.15987452e-05
62    -2.43218723e-15
63    -0.000445181101
64    0.0004533457
65    -0.00027251992
66    8.89146622e-16
67    0.000888529332
68    -0.000478179575
69    0.000289493113
70    -6.1996476e-15
71    0.00211384214
72    -0.00274249619
73    0.00174221058
74    -4.88246846e-14
75    -0.00142949992
76    -0.000116048855
77    -0.000246999948
78    -3.9040178e-15
79    0.000243675321
80    6.31166108e-16
81    8.00408856e-05
82    1.11022886e-15
83    -0.000127360822
84    -0.00104323273
85    -0.00793599971
86    -0.0389125499
87    -0.132431339
88    -0.327771029
89    -0.155428737
90    -0.471009482
91    -0.00159222131
92    0.000974482768
93    -1.01181205e-15
94    -0.0049360615
95    0.000742399989
96    -0.000452545456
97    -6.59897637e-16
98    0.000583069989
99    -0.000410611223
100    0.000250823383
101    -5.2771179e-15
102    -0.00325252691
103    -0.000236615333
104    0.00014511248
105    5.86059048e-15
106    -0.00763194521
107    -0.00140911999
108    0.000695176182
109    -5.34439521e-15
110    -8.59839914e-05
111    7.74884063e-16
112    7.52486514e-05
113    -1.73715479e-16
114    4.74555948e-05
115    5.36553289e-10
116    -6.10985688e-09
117    4.23417849e-08
118    -1.70551189e-07
119    1.44860648e-06
120    2.56674246e-06
121    -3.82412529e-06
122    -9.18481548e-07
123    3.11464816e-07
124    1.87385106e-15
125    -2.13446695e-06
126    2.62225412e-05
127    7.294718e-06
128    -8.98318974e-16
129    -8.85942026e-05
130    -0.00024808943
131    -0.000164739726
132    9.42859477e-15
133    0.00184644341
134    -0.00122785964
135    -0.000456187233
136    -6.60670494e-14
137    0.000414590658
138    -0.000188881046
139    0.000278383312
140    -4.71499719e-14
141    4.74697437e-06
142    9.30933267e-16
143    -2.02485445e-06
144    1.15432345e-15
145    -1.68361037e-06
146    3.58775302e-05
147    0.000272920477
148    0.00133824068
149    0.00455431423
150    0.0112730536
151    0.00534820219
152    0.0161964695
153    -5.52079547e-05
154    -3.20330526e-05
155    7.55874692e-16
156    0.000158225995
157    3.04211373e-05
158    1.52058922e-05
159    2.88485437e-15
160    7.0622764e-05
161    -6.93894972e-05
162    -3.17914505e-05
163    -8.79881527e-16
164    0.000559061102
165    -4.74476887e-05
166    -7.71904658e-05
167    8.88732083e-15
168    0.00260293677
169    -0.000424043418
170    -9.22614551e-05
171    1.50834025e-14
172    -1.5426836e-06
173    1.68467831e-16
174    -4.95497961e-06
175    4.59486687e-17
176    -1.12002816e-06
177    1.28582744e-09
178    -2.42241344e-08
179    1.23202185e-07
180    -5.33390763e-07
181    6.60203615e-06
182    2.67780082e-05
183    -1.82774679e-05
184    -1.732348e-05
185    1.53690744e-06
186    -1.74168248e-15
187    -3.83441866e-05
188    5.69803794e-05
189    2.58232748e-07
190    5.7474976e-15
191    -1.66947066e-05
192    -1.50232962e-05
193    1.7003574e-05
194    -1.38324328e-14
195    -0.000196184247
196    3.52603168e-05
197    -0.000209661308
198    4.03904702e-14
199    0.00134838319
200    -0.00243129597
201    7.45412274e-05
202    4.31817465e-14
203    -4.32409706e-06
204    3.91210804e-16
205    4.28488809e-06
206    1.22872865e-15
207    -3.05323833e-05
208    1.30678375e-09
209    -2.74701467e-08
210    1.31570722e-07
211    -6.00352933e-07
212    7.22868604e-06
213    2.94514824e-05
214    -2.01263821e-05
215    -8.71271162e-06
216    1.47755881e-05
217    -3.00199968e-15
218    -4.42177077e-05
219    2.38957277e-05
220    -5.13484837e-05
221    1.67648424e-15
222    1.20634405e-05
223    -4.31789334e-06
224    2.04398125e-05
225    -1.56929096e-14
226    -0.000170728829
227    6.76652462e-05
228    1.49652473e-05
229    3.58073788e-14
230    0.00192101115
231    -0.000370429273
232    0.000765922167
233    1.45016324e-14
234    2.026919e-05
235    -2.06301697e-16
236    4.12066677e-06
237    -1.71615906e-17
238    2.37762171e-05
239    1.26914569e-11
240    3.62080395e-10
241    -4.93979893e-11
242    1.00358578e-08
243    2.03163328e-08
244    7.24996376e-07
245    -4.48172465e-08
246    -1.5572806e-06
247    -4.26675641e-07
248    -4.16115678e-16
249    3.26494168e-07
250    1.42301413e-05
251    1.37412197e-06
252    -6.78711028e-16
253    -0.000230429778
254    0.000140146329
255    -8.00292564e-05
256    -4.89730114e-15
257    -0.00319259583
258    0.000781616325
259    -0.000415467941
260    5.02116801e-14
261    0.000132278892
262    0.00012125652
263    0.0002881715
264    3.30314523e-14
265    -4.40923296e-06
266    3.15921511e-16
267    -1.28680874e-06
268    6.38328396e-16
269    -1.66874045e-06
270    -3.98037285e-07
271    -2.25591312e-05
272    -5.76771584e-05
273    -0.000102819709
274    3.11831355e-06
275    -2.30744252e-06
276    1.14021266e-16
Sym=X
Ene=0.0
Spin=Alpha
Occup=1
1    0.0
2    0.0
3    0.0
4    0.0
5    0.0
6    0.0
7    0.0
8    0.0
9    0.0
10    0.0
11    0.0
12    0.0
13    0.0
14    0.0
15    0.0
16    0.0
17    0.0
18    0.0
19    0.0
20    0.0
21    0.0
22    0.0
23    0.0
24    0.0
25    0.0
26    0.0
27    0.0
28    0.0
29    0.0
30    0.0
31    0.0
32    0.0
33    0.0
34    0.0
35    0.0
36    0.0
37    0.0
38    0.0
39    0.0
40    0.0
41    0.0
42    0.0
43    0.0
44    0.0
45    0.0
46    0.0
47    0.0
48    0.0
49    0.0
50    0.0
51    0.0
52    0.0
53    0.0
54    0.0
55    0.0
56    0.0
57    0.0
58    0.0
59    0.0
60    0.0
61    0.0
62    0.0
63    0.0
64    0.0
65    0.0
66    0.0
67    0.0
68    0.0
69    0.0
70    0.0
71    0.0
72    0.0
73    0.0
74    0.0
75    0.0
76    0.0
77    0.0
78    0.0
79    0.0
80    0.0
81    0.0
82    0.0
83    0.0
84    0.0
85    0.0
86    0.0
87    0.0
88    0.0
89    0.0
90    0.0
91    0.0
92    0.0
93    0.0
94    0.0
95    0.0
96    0.0
97    0.0
98    0.0
99    0.0
100    0.0
101    0.0
102    0.0
103    0.0
104    0.0
105    0.0
106    0.0
107    0.0
108    0.0
109    0.0
110    0.0
111    0.0
112    0.0
113    0.0
114    0.0
115    0.0
116    0.0
117    0.0
118    0.0
119    0.0
120    0.0
121    0.0
122    0.0
123    0.0
124    0.0
125    0.0
126    0.0
127    0.0
128    0.0
129    0.0
130    0.0
131    0.0
132    0.0
133    0.0
134    0.0
135    0.0
136    0.0
137    0.0
138    0.0
139    0.0
140    0.0
141    0.0
142    0.0
143    0.0
144    0.0
145    0.0
146    0.0
147    0.0
148    0.0
149    0.0
150    0.0
151    0.0
152    0.0
153    0.0
154    0.0
155    0.0
156    0.0
157    0.0
158    0.0
159    0.0
160    0.0
161    0.0
162    0.0
163    0.0
164    0.0
165    0.0
166    0.0
167    0.0
168    0.0
169    0.0
170    0.0
171    0.0
172    0.0
173    0.0
174    0.0
175    0.0
176    0.0
177    0.0
178    0.0
179    0.0
180    0.0
181    0.0
182    0.0
183    0.0
184    0.0
185    0.0
186    0.0
187    0.0
188    0.0
189    0.0
190    0.0
191    0.0
192    0.0
193    0.0
194    0.0
195    0.0
196    0.0
197    0.0
198    0.0
199    0.0
200    0.0
201    0.0
202    0.0
203    0.0
204    0.0
205    0.0
206    0.0
207    0.0
208    0.0
209    0.0
210    0.0
211    0.0
212    0.0
213    0.0
214    0.0
215    0.0
216    0.0
217    0.0
218    0.0
219    0.0
220    0.0
221    0.0
222    0.0
223    0.0
224    0.0
225    0.0
226    0.0
227    0.0
228    0.0
229    0.0
230    0.0
231    0.0
232    0.0
233    0.0
234    0.0
235    0.0
236    0.0
237    0.0
238    0.0
239    0.0
240    0.0
241    0.0
242    0.0
243    0.0
244    0.0
245    0.0
246    0.0
247    0.0
248    0.0
249    0.0
250    0.0
251    0.0
252    0.0
253    0.0
254    0.0
255    0.0
256    0.0
257    0.0
258    0.0
259    0.0
260    0.0
261    0.0
262    0.0
263    0.0
264    0.0
265    0.0
266    0.0
267    0.0
268    0.0
269    0.0
270    0.0
271    0.0
272    0.0
273    0.0
274    0.0
275    0.0
276    0.0
Sym=X
Ene=0.0
Spin=Alpha
Occup=1
1    0.0
2    0.0
3    0.0
4    0.0
5    0.0
6    0.0
7    0.0
8    0.0
9    0.0
10    0.0
11    0.0
12    0.0
13    0.0
14    0.0
15    0.0
16    0.0
17    0.0
18    0.0
19    0.0
20    0.0
21    0.0
22    0.0
23    0.0
24    0.0
25    0.0
26    0.0
27    0.0
28    0.0
29    0.0
30    0.0
31    0.0
32    0.0
33    0.0
34    0.0
35    0.0
36    0.0
37    0.0
38    0.0
39    0.0
40    0.0
41    0.0
42    0.0
43    0.0
44    0.0
45    0.0
46    0.0
47    0.0
48    0.0
49    0.0
50    0.0
51    0.0
52    0.0
53    0.0
54    0.0
55    0.0
56    0.0
57    0.0
58    0.0
59    0.0
60    0.0
61    0.0
62    0.0
63    0.0
64    0.0
65    0.0
66    0.0
67    0.0
68    0.0
69    0.0
70    0.0
71    0.0
72    0.0
73    0.0
74    0.0
75    0.0
76    0.0
77    0.0
78    0.0
79    0.0
80    0.0
81    0.0
82    0.0
83    0.0
84    0.0
85    0.0
86    0.0
87    0.0
88    0.0
89    0.0
90    0.0
91    0.0
92    0.0
93    0.0
94    0.0
95    0.0
96    0.0
97    0.0
98    0.0
99    0.0
100    0.0
101    0.0
102    0.0
103    0.0
104    0.0
105    0.0
106    0.0
107    0.0
108    0.0
109    0.0
110    0.0
111    0.0
112    0.0
113    0.0
114    0.0
115    0.0
116    0.0
117    0.0
118    0.0
119    0.0
120    0.0
121    0.0
122    0.0
123    0.0
124    0.0
125    0.0
126    0.0
127    0.0
128    0.0
129    0.0
130    0.0
131    0.0
132    0.0
133    0.0
134    0.0
135    0.0
136    0.0
137    0.0
138    0.0
139    0.0
140    0.0
141    0.0
142    0.0
143    0.0
144    0.0
145    0.0
146    0.0
147    0.0
148    0.0
149    0.0
150    0.0
151    0.0
152    0.0
153    0.0
154    0.0
155    0.0
156    0.0
157    0.0
158    0.0
159    0.0
160    0.0
161    0.0
162    0.0
163    0.0
164    0.0
165    0.0
166    0.0
167    0.0
168    0.0
169    0.0
170    0.0
171    0.0
172    0.0
173    0.0
174    0.0
175    0.0
176    0.0
177    0.0
178    0.0
179    0.0
180    0.0
181    0.0
182    0.0
183    0.0
184    0.0
185    0.0
186    0.0
187    0.0
188    0.0
189    0.0
190    0.0
191    0.0
192    0.0
193    0.0
194    0.0
195    0.0
196    0.0
197    0.0
198    0.0
199    0.0
200    0.0
201    0.0
202    0.0
203    0.0
204    0.0
205    0.0
206    0.0
207    0.0
208    0.0
209    0.0
210    0.0
211    0.0
212    0.0
213    0.0
214    0.0
215    0.0
216    0.0
217    0.0
218    0.0
219    0.0
220    0.0
221    0.0
222    0.0
223    0.0
224    0.0
225    0.0
226    0.0
227    0.0
228    0.0
229    0.0
230    0.0
231    0.0
232    0.0
233    0.0
234    0.0
235    0.0
236    0.0
237    0.0
238    0.0
239    0.0
240    0.0
241    0.0
242    0.0
243    0.0
244    0.0
245    0.0
246    0.0
247    0.0
248    0.0
249    0.0
250    0.0
251    0.0
252    0.0
253    0.0
254    0.0
255    0.0
256    0.0
257    0.0
258    0.0
259    0.0
260    0.0
261    0.0
262    0.0
263    0.0
264    0.0
265    0.0
266    0.0
267    0.0
268    0.0
269    0.0
270    0.0
271    0.0
272    0.0
273    0.0
274    0.0
275    0.0
276    0.0
Sym=X
Ene=0.0
Spin=Alpha
Occup=1
1    0.0
2    0.0
3    0.0
4    0.0
5    0.0
6    0.0
7    0.0
8    0.0
9    0.0
10    0.0
11    0.0
12    0.0
13    0.0
14    0.0
15    0.0
16    0.0
17    0.0
18    0.0
19    0.0
20    0.0
21    0.0
22    0.0
23    0.0
24    0.0
25    0.0
26    0.0
27    0.0
28    0.0
29    0.0
30    0.0
31    0.0
32    0.0
33    0.0
34    0.0
35    0.0
36    0.0
37    0.0
38    0.0
39    0.0
40    0.0
41    0.0
42    0.0
43    0.0
44    0.0
45    0.0
46    0.0
47    0.0
48    0.0
49    0.0
50    0.0
51    0.0
52    0.0
53    0.0
54    0.0
55    0.0
56    0.0
57    0.0
58    0.0
59    0.0
60    0.0
61    0.0
62    0.0
63    0.0
64    0.0
65    0.0
66    0.0
67    0.0
68    0.0
69    0.0
70    0.0
71    0.0
72    0.0
73    0.0
74    0.0
75    0.0
76    0.0
77    0.0
78    0.0
79    0.0
80    0.0
81    0.0
82    0.0
83    0.0
84    0.0
85    0.0
86    0.0
87    0.0
88    0.0
89    0.0
90    0.0
91    0.0
92    0.0
93    0.0
94    0.0
95    0.0
96    0.0
97    0.0
98    0.0
99    0.0
100    0.0
101    0.0
102    0.0
103    0.0
104    0.0
105    0.0
106    0.0
107    0.0
108    0.0
109    0.0
110    0.0
111    0.0
112    0.0
113    0.0
114    0.0
115    0.0
116    0.0
117    0.0
118    0.0
119    0.0
120    0.0
121    0.0
122    0.0
123    0.0
124    0.0
125    0.0
126    0.0
127    0.0
128    0.0
129    0.0
130    0.0
131    0.0
132    0.0
133    0.0
134    0.0
135    0.0
136    0.0
137    0.0
138    0.0
139    0.0
140    0.0
141    0.0
142    0.0
143    0.0
144    0.0
145    0.0
146    0.0
147    0.0
148    0.0
149    0.0
150    0.0
151    0.0
152    0.0
153    0.0
154    0.0
155    0.0
156    0.0
157    0.0
158    0.0
159    0.0
160    0.0
161    0.0
162    0.0
163    0.0
164    0.0
165    0.0
166    0.0
167    0.0
168    0.0
169    0.0
170    0.0
171    0.0
172    0.0
173    0.0
174    0.0
175    0.0
176    0.0
177    0.0
178    0.0
179    0.0
180    0.0
181    0.0
182    0.0
183    0.0
184    0.0
185    0.0
186    0.0
187    0.0
188    0.0
189    0.0
190    0.0
191    0.0
192    0.0
193    0.0
194    0.0
195    0.0
196    0.0
197    0.0
198    0.0
199    0.0
200    0.0
201    0.0
202    0.0
203    0.0
204    0.0
205    0.0
206    0.0
207    0.0
208    0.0
209    0.0
210    0.0
211    0.0
212    0.0
213    0.0
214    0.0
215    0.0
216    0.0
217    0.0
218    0.0
219    0.0
220    0.0
221    0.0
222    0.0
223    0.0
224    0.0
225    0.0
226    0.0
227    0.0
228    0.0
229    0.0
230    0.0
231    0.0
232    0.0
233    0.0
234    0.0
235    0.0
236    0.0
237    0.0
238    0.0
239    0.0
240    0.0
241    0.0
242    0.0
243    0.0
244    0.0
245    0.0
246    0.0
247    0.0
248    0.0
249    0.0
250    0.0
251    0.0
252    0.0
253    0.0
254    0.0
255    0.0
256    0.0
257    0.0
258    0.0
259    0.0
260    0.0
261    0.0
262    0.0
263    0.0
264    0.0
265    0.0
266    0.0
267    0.0
268    0.0
269    0.0
270    0.0
271    0.0
272    0.0
273    0.0
274    0.0
275    0.0
276    0.0
Sym=X
Ene=0.0
Spin=Alpha
Occup=1
1    0.0
2    0.0
3    0.0
4    0.0
5    0.0
6    0.0
7    0.0
8    0.0
9    0.0
10    0.0
11    0.0
12    0.0
13    0.0
14    0.0
15    0.0
16    0.0
17    0.0
18    0.0
19    0.0
20    0.0
21    0.0
22    0.0
23    0.0
24    0.0
25    0.0
26    0.0
27    0.0
28    0.0
29    0.0
30    0.0
31    0.0
32    0.0
33    0.0
34    0.0
35    0.0
36    0.0
37    0.0
38    0.0
39    0.0
40    0.0
41    0.0
42    0.0
43    0.0
44    0.0
45    0.0
46    0.0
47    0.0
48    0.0
49    0.0
50    0.0
51    0.0
52    0.0
53    0.0
54    0.0
55    0.0
56    0.0
57    0.0
58    0.0
59    0.0
60    0.0
61    0.0
62    0.0
63    0.0
64    0.0
65    0.0
66    0.0
67    0.0
68    0.0
69    0.0
70    0.0
71    0.0
72    0.0
73    0.0
74    0.0
75    0.0
76    0.0
77    0.0
78    0.0
79    0.0
80    0.0
81    0.0
82    0.0
83    0.0
84    0.0
85    0.0
86    0.0
87    0.0
88    0.0
89    0.0
90    0.0
91    0.0
92    0.0
93    0.0
94    0.0
95    0.0
96    0.0
97    0.0
98    0.0
99    0.0
100    0.0
101    0.0
102    0.0
103    0.0
104    0.0
105    0.0
106    0.0
107    0.0
108    0.0
109    0.0
110    0.0
111    0.0
112    0.0
113    0.0
114    0.0
115    0.0
116    0.0
117    0.0
118    0.0
119    0.0
120    0.0
121    0.0
122    0.0
123    0.0
124    0.0
125    0.0
126    0.0
127    0.0
128    0.0
129    0.0
130    0.0
131    0.0
132    0.0
133    0.0
134    0.0
135    0.0
136    0.0
137    0.0
138    0.0
139    0.0
140    0.0
141    0.0
142    0.0
143    0.0
144    0.0
145    0.0
146    0.0
147    0.0
148    0.0
149    0.0
150    0.0
151    0.0
152    0.0
153    0.0
154    0.0
155    0.0
156    0.0
157    0.0
158    0.0
159    0.0
160    0.0
161    0.0
162    0.0
163    0.0
164    0.0
165    0.0
166    0.0
167    0.0
168    0.0
169    0.0
170    0.0
171    0.0
172    0.0
173    0.0
174    0.0
175    0.0
176    0.0
177    0.0
178    0.0
179    0.0
180    0.0
181    0.0
182    0.0
183    0.0
184    0.0
185    0.0
186    0.0
187    0.0
188    0.0
189    0.0
190    0.0
191    0.0
192    0.0
193    0.0
194    0.0
195    0.0
196    0.0
197    0.0
198    0.0
199    0.0
200    0.0
201    0.0
202    0.0
203    0.0
204    0.0
205    0.0
206    0.0
207    0.0
208    0.0
209    0.0
210    0.0
211    0.0
212    0.0
213    0.0
214    0.0
215    0.0
216    0.0
217    0.0
218    0.0
219    0.0
220    0.0
221    0.0
222    0.0
223    0.0
224    0.0
225    0.0
226    0.0
227    0.0
228    0.0
229    0.0
230    0.0
231    0.0
232    0.0
233    0.0
234    0.0
235    0.0
236    0.0
237    0.0
238    0.0
239    0.0
240    0.0
241    0.0
242    0.0
243    0.0
244    0.0
245    0.0
246    0.0
247    0.0
248    0.0
249    0.0
250    0.0
251    0.0
252    0.0
253    0.0
254    0.0
255    0.0
256    0.0
257    0.0
258    0.0
259    0.0
260    0.0
261    0.0
262    0.0
263    0.0
264    0.0
265    0.0
266    0.0
267    0.0
268    0.0
269    0.0
270    0.0
271    0.0
272    0.0
273    0.0
274    0.0
275    0.0
276    0.0
[5D]
