[Molden Format]
[Atoms] (Angs)
  C      1    6     -0.00714236     -1.70213747     -0.00000000
  H      2    1     -2.06882847     -1.44022412      0.00000000
  H      3    1     -0.12337987     -2.77567521      0.00000000
  H      4    1      0.04651892      1.98813947     -0.00000000
  C      5    6     -1.21953563      0.40211669      0.00000000
  O      6    8     -2.25921553      1.03043814      0.00000000
  C      7    6      1.28797806      0.34644937     -0.00000000
  O      8    8      2.31273661      1.00537216     -0.00000000
  N      9    7      0.03446295      0.97739857     -0.00000000
  N     10    7     -1.17287765     -0.98229824      0.00000000
  C     11    6      1.20107039     -1.10433419     -0.00000000
  H     12    1      2.11220096     -1.67699125     -0.00000000
[GTO]
1    0
S    1    1.000000
   4.56324000E+03    1.96665000E-03 
S    1    1.000000
   6.82024000E+02    1.52306000E-02 
S    1    1.000000
   1.54973000E+02    7.61269000E-02 
S    1    1.000000
   4.44553000E+01    2.60801000E-01 
S    1    1.000000
   1.30290000E+01    6.16462000E-01 
S    1    1.000000
   1.82773000E+00    2.21006000E-01 
SP   3    1.000000
   2.09642000E+01    1.14660000E-01   4.02487000E-02 
   4.80331000E+00    9.19999000E-01   2.37594000E-01 
   1.45933000E+00   -3.03068000E-03   8.15854000E-01 
SP   1    1.000000
   4.83456000E-01    1.00000000E+00   1.00000000E+00 
SP   1    1.000000
   1.45585000E-01    1.00000000E+00   1.00000000E+00 
SP   1    1.000000
   4.38000000E-02    1.00000000E+00   1.00000000E+00 
SP   1    1.000000
   1.31927711E-02    1.00000000E+00   1.00000000E+00 
D    1    1.000000
   6.26000000E-01    1.00000000E+00 

2    0
S    3    1.000000
   3.38650000E+01    2.54938000E-02 
   5.09479000E+00    1.90373000E-01 
   1.15879000E+00    8.52161000E-01 
S    1    1.000000
   3.25840000E-01    1.00000000E+00 
S    1    1.000000
   1.02741000E-01    1.00000000E+00 
S    1    1.000000
   3.60000000E-02    1.00000000E+00 
P    1    1.000000
   7.50000000E-01    1.00000000E+00 

3    0
S    3    1.000000
   3.38650000E+01    2.54938000E-02 
   5.09479000E+00    1.90373000E-01 
   1.15879000E+00    8.52161000E-01 
S    1    1.000000
   3.25840000E-01    1.00000000E+00 
S    1    1.000000
   1.02741000E-01    1.00000000E+00 
S    1    1.000000
   3.60000000E-02    1.00000000E+00 
P    1    1.000000
   7.50000000E-01    1.00000000E+00 

4    0
S    3    1.000000
   3.38650000E+01    2.54938000E-02 
   5.09479000E+00    1.90373000E-01 
   1.15879000E+00    8.52161000E-01 
S    1    1.000000
   3.25840000E-01    1.00000000E+00 
S    1    1.000000
   1.02741000E-01    1.00000000E+00 
S    1    1.000000
   3.60000000E-02    1.00000000E+00 
P    1    1.000000
   7.50000000E-01    1.00000000E+00 

5    0
S    1    1.000000
   4.56324000E+03    1.96665000E-03 
S    1    1.000000
   6.82024000E+02    1.52306000E-02 
S    1    1.000000
   1.54973000E+02    7.61269000E-02 
S    1    1.000000
   4.44553000E+01    2.60801000E-01 
S    1    1.000000
   1.30290000E+01    6.16462000E-01 
S    1    1.000000
   1.82773000E+00    2.21006000E-01 
SP   3    1.000000
   2.09642000E+01    1.14660000E-01   4.02487000E-02 
   4.80331000E+00    9.19999000E-01   2.37594000E-01 
   1.45933000E+00   -3.03068000E-03   8.15854000E-01 
SP   1    1.000000
   4.83456000E-01    1.00000000E+00   1.00000000E+00 
SP   1    1.000000
   1.45585000E-01    1.00000000E+00   1.00000000E+00 
SP   1    1.000000
   4.38000000E-02    1.00000000E+00   1.00000000E+00 
SP   1    1.000000
   1.31927711E-02    1.00000000E+00   1.00000000E+00 
D    1    1.000000
   6.26000000E-01    1.00000000E+00 

6    0
S    1    1.000000
   8.58850000E+03    1.89515000E-03 
S    1    1.000000
   1.29723000E+03    1.43859000E-02 
S    1    1.000000
   2.99296000E+02    7.07320000E-02 
S    1    1.000000
   8.73771000E+01    2.40001000E-01 
S    1    1.000000
   2.56789000E+01    5.94797000E-01 
S    1    1.000000
   3.74004000E+00    2.80802000E-01 
SP   3    1.000000
   4.21175000E+01    1.13889000E-01   3.65114000E-02 
   9.62837000E+00    9.20811000E-01   2.37153000E-01 
   2.85332000E+00   -3.27447000E-03   8.19702000E-01 
SP   1    1.000000
   9.05661000E-01    1.00000000E+00   1.00000000E+00 
SP   1    1.000000
   2.55611000E-01    1.00000000E+00   1.00000000E+00 
SP   1    1.000000
   8.45000000E-02    1.00000000E+00   1.00000000E+00 
SP   1    1.000000
   2.54518072E-02    1.00000000E+00   1.00000000E+00 
D    1    1.000000
   1.29200000E+00    1.00000000E+00 

7    0
S    1    1.000000
   4.56324000E+03    1.96665000E-03 
S    1    1.000000
   6.82024000E+02    1.52306000E-02 
S    1    1.000000
   1.54973000E+02    7.61269000E-02 
S    1    1.000000
   4.44553000E+01    2.60801000E-01 
S    1    1.000000
   1.30290000E+01    6.16462000E-01 
S    1    1.000000
   1.82773000E+00    2.21006000E-01 
SP   3    1.000000
   2.09642000E+01    1.14660000E-01   4.02487000E-02 
   4.80331000E+00    9.19999000E-01   2.37594000E-01 
   1.45933000E+00   -3.03068000E-03   8.15854000E-01 
SP   1    1.000000
   4.83456000E-01    1.00000000E+00   1.00000000E+00 
SP   1    1.000000
   1.45585000E-01    1.00000000E+00   1.00000000E+00 
SP   1    1.000000
   4.38000000E-02    1.00000000E+00   1.00000000E+00 
SP   1    1.000000
   1.31927711E-02    1.00000000E+00   1.00000000E+00 
D    1    1.000000
   6.26000000E-01    1.00000000E+00 

8    0
S    1    1.000000
   8.58850000E+03    1.89515000E-03 
S    1    1.000000
   1.29723000E+03    1.43859000E-02 
S    1    1.000000
   2.99296000E+02    7.07320000E-02 
S    1    1.000000
   8.73771000E+01    2.40001000E-01 
S    1    1.000000
   2.56789000E+01    5.94797000E-01 
S    1    1.000000
   3.74004000E+00    2.80802000E-01 
SP   3    1.000000
   4.21175000E+01    1.13889000E-01   3.65114000E-02 
   9.62837000E+00    9.20811000E-01   2.37153000E-01 
   2.85332000E+00   -3.27447000E-03   8.19702000E-01 
SP   1    1.000000
   9.05661000E-01    1.00000000E+00   1.00000000E+00 
SP   1    1.000000
   2.55611000E-01    1.00000000E+00   1.00000000E+00 
SP   1    1.000000
   8.45000000E-02    1.00000000E+00   1.00000000E+00 
SP   1    1.000000
   2.54518072E-02    1.00000000E+00   1.00000000E+00 
D    1    1.000000
   1.29200000E+00    1.00000000E+00 

9    0
S    1    1.000000
   6.29348000E+03    1.96979000E-03 
S    1    1.000000
   9.49044000E+02    1.49613000E-02 
S    1    1.000000
   2.18776000E+02    7.35006000E-02 
S    1    1.000000
   6.36916000E+01    2.48937000E-01 
S    1    1.000000
   1.88282000E+01    6.02460000E-01 
S    1    1.000000
   2.72023000E+00    2.56202000E-01 
SP   3    1.000000
   3.06331000E+01    1.11906000E-01   3.83119000E-02 
   7.02614000E+00    9.21666000E-01   2.37403000E-01 
   2.11205000E+00   -2.56919000E-03   8.17592000E-01 
SP   1    1.000000
   6.84009000E-01    1.00000000E+00   1.00000000E+00 
SP   1    1.000000
   2.00878000E-01    1.00000000E+00   1.00000000E+00 
SP   1    1.000000
   6.39000000E-02    1.00000000E+00   1.00000000E+00 
SP   1    1.000000
   1.92469880E-02    1.00000000E+00   1.00000000E+00 
D    1    1.000000
   9.13000000E-01    1.00000000E+00 

10    0
S    1    1.000000
   6.29348000E+03    1.96979000E-03 
S    1    1.000000
   9.49044000E+02    1.49613000E-02 
S    1    1.000000
   2.18776000E+02    7.35006000E-02 
S    1    1.000000
   6.36916000E+01    2.48937000E-01 
S    1    1.000000
   1.88282000E+01    6.02460000E-01 
S    1    1.000000
   2.72023000E+00    2.56202000E-01 
SP   3    1.000000
   3.06331000E+01    1.11906000E-01   3.83119000E-02 
   7.02614000E+00    9.21666000E-01   2.37403000E-01 
   2.11205000E+00   -2.56919000E-03   8.17592000E-01 
SP   1    1.000000
   6.84009000E-01    1.00000000E+00   1.00000000E+00 
SP   1    1.000000
   2.00878000E-01    1.00000000E+00   1.00000000E+00 
SP   1    1.000000
   6.39000000E-02    1.00000000E+00   1.00000000E+00 
SP   1    1.000000
   1.92469880E-02    1.00000000E+00   1.00000000E+00 
D    1    1.000000
   9.13000000E-01    1.00000000E+00 

11    0
S    1    1.000000
   4.56324000E+03    1.96665000E-03 
S    1    1.000000
   6.82024000E+02    1.52306000E-02 
S    1    1.000000
   1.54973000E+02    7.61269000E-02 
S    1    1.000000
   4.44553000E+01    2.60801000E-01 
S    1    1.000000
   1.30290000E+01    6.16462000E-01 
S    1    1.000000
   1.82773000E+00    2.21006000E-01 
SP   3    1.000000
   2.09642000E+01    1.14660000E-01   4.02487000E-02 
   4.80331000E+00    9.19999000E-01   2.37594000E-01 
   1.45933000E+00   -3.03068000E-03   8.15854000E-01 
SP   1    1.000000
   4.83456000E-01    1.00000000E+00   1.00000000E+00 
SP   1    1.000000
   1.45585000E-01    1.00000000E+00   1.00000000E+00 
SP   1    1.000000
   4.38000000E-02    1.00000000E+00   1.00000000E+00 
SP   1    1.000000
   1.31927711E-02    1.00000000E+00   1.00000000E+00 
D    1    1.000000
   6.26000000E-01    1.00000000E+00 

12    0
S    3    1.000000
   3.38650000E+01    2.54938000E-02 
   5.09479000E+00    1.90373000E-01 
   1.15879000E+00    8.52161000E-01 
S    1    1.000000
   3.25840000E-01    1.00000000E+00 
S    1    1.000000
   1.02741000E-01    1.00000000E+00 
S    1    1.000000
   3.60000000E-02    1.00000000E+00 
P    1    1.000000
   7.50000000E-01    1.00000000E+00 

[MO]
Sym=X
Ene=0.952207
Spin=Alpha
Occup=1
1    -1.25480657e-09
2    1.33383892e-08
3    -1.00080973e-07
4    3.13621472e-07
5    -4.88266453e-06
6    -2.19976899e-05
7    1.25216143e-05
8    -8.3919737e-07
9    -8.13521638e-06
10    -1.66308836e-15
11    3.94326913e-05
12    1.24057236e-05
13    3.77364908e-05
14    -1.2723229e-15
15    0.000153106272
16    3.82193557e-05
17    5.08408484e-05
18    -1.84057036e-15
19    0.000884742907
20    -5.25464791e-05
21    0.000733078509
22    1.47957027e-14
23    6.01106985e-05
24    -0.000382856847
25    0.000275381029
26    5.71857763e-14
27    1.31600531e-06
28    1.54982393e-16
29    -5.41963539e-06
30    -5.90974803e-16
31    2.8646784e-06
32    7.07380902e-06
33    -2.88171018e-05
34    -0.000173215152
35    -0.000256076862
36    -2.94017879e-06
37    9.72095998e-07
38    -1.89593257e-17
39    3.20809571e-06
40    3.28242294e-06
41    3.6118048e-05
42    0.000627873037
43    -1.00604534e-06
44    2.3257523e-06
45    -7.76094024e-16
46    0.000239309053
47    5.90591213e-05
48    0.000320755927
49    0.000288970137
50    -3.40977408e-06
51    -9.79517503e-05
52    1.48470775e-15
53    2.22156708e-08
54    1.81196521e-07
55    7.72425007e-07
56    2.79016443e-06
57    1.02080553e-06
58    -5.06089572e-05
59    -4.4830351e-07
60    4.80830666e-05
61    2.25893336e-05
62    1.05658361e-15
63    0.000282788753
64    0.000293871894
65    0.000119932952
66    -6.80475651e-16
67    -0.000237427717
68    -0.00010732235
69    -0.000153550581
70    5.14654485e-15
71    -0.000960557542
72    -0.000522063538
73    0.00022624278
74    3.26286278e-14
75    -0.000992328854
76    -4.87712394e-05
77    0.000362801597
78    -7.58408075e-15
79    0.000131688053
80    3.27489959e-16
81    -1.15533449e-05
82    5.21581805e-16
83    0.000144632494
84    7.06350138e-09
85    7.14989854e-08
86    2.25299386e-07
87    1.2468626e-06
88    -1.46513029e-06
89    -1.43272541e-05
90    1.47583712e-05
91    -1.70741805e-05
92    -3.79596764e-06
93    5.45013559e-16
94    1.94991607e-05
95    3.75855995e-05
96    -8.71306833e-06
97    -2.31245994e-16
98    7.02671937e-05
99    8.87993534e-06
100    1.50198618e-05
101    3.62096412e-15
102    -0.000117180291
103    2.07436682e-05
104    1.08743585e-06
105    -1.02275258e-14
106    -0.000608864515
107    -4.2967512e-05
108    6.29206836e-05
109    9.14728836e-15
110    6.12138477e-07
111    -1.82815473e-16
112    -4.46055399e-06
113    2.81749289e-16
114    2.3679053e-05
115    1.99425194e-08
116    1.71599978e-07
117    6.73133205e-07
118    2.75649057e-06
119    7.84917608e-07
120    -3.49502231e-05
121    -6.32276522e-07
122    -4.52477364e-05
123    2.68856732e-05
124    1.71918496e-15
125    0.000237413896
126    -0.000240535352
127    0.00012119616
128    3.96753784e-15
129    -0.000233745509
130    7.15619701e-05
131    -8.35691445e-05
132    4.17917756e-15
133    -0.0016137305
134    0.000725188754
135    0.000362917704
136    2.49818133e-14
137    0.000188095793
138    0.000313751277
139    -3.39390006e-05
140    5.01292461e-14
141    -0.000116906231
142    1.01869379e-15
143    2.29229332e-06
144    1.35856806e-16
145    0.000117698514
146    6.84420901e-09
147    7.02981368e-08
148    2.16010773e-07
149    1.22805335e-06
150    -1.62921992e-06
151    -1.47675005e-05
152    1.49127619e-05
153    1.71124572e-05
154    -3.30596922e-06
155    1.90839896e-15
156    1.99699092e-05
157    -3.72170309e-05
158    -1.24818733e-05
159    3.49220712e-15
160    5.78804755e-05
161    7.05417226e-06
162    3.8915201e-06
163    3.66878414e-15
164    -0.000115426959
165    -4.05100604e-05
166    -3.80848242e-06
167    1.80896877e-15
168    -0.000662759754
169    5.81921684e-05
170    2.18532896e-05
171    -2.86123511e-15
172    2.53171771e-06
173    -1.60271893e-16
174    -5.49705863e-06
175    -7.20845019e-16
176    1.89727097e-05
177    0.00109720579
178    0.00835412868
179    0.0409332105
180    0.138942343
181    0.335936158
182    0.144067137
183    0.46747609
184    -0.000136781416
185    -0.000239486877
186    1.83105662e-15
187    0.00426583652
188    8.55391654e-05
189    9.96585289e-05
190    1.19911992e-15
191    -0.000256011923
192    -6.4374759e-05
193    -8.29863513e-05
194    5.27877948e-15
195    0.00221327216
196    -1.57880477e-05
197    -0.000889211587
198    -1.68821127e-14
199    0.00188904946
200    0.000152999181
201    -0.000465910436
202    -2.72024062e-14
203    -1.07417374e-05
204    -3.97196456e-17
205    -4.87982252e-06
206    -1.98323278e-16
207    -1.38582148e-05
208    2.93737427e-07
209    2.28445837e-06
210    1.08511946e-05
211    3.81691719e-05
212    8.07089094e-05
213    -1.68768261e-06
214    0.000152796098
215    -4.19209799e-06
216    -2.15397443e-05
217    -1.07711604e-15
218    6.64199983e-05
219    5.32175669e-06
220    6.94842787e-05
221    1.36474436e-16
222    -7.34701696e-05
223    -8.34569295e-05
224    -0.000106687278
225    -2.72213256e-15
226    -0.000453136336
227    -0.000332545196
228    -0.00019548626
229    -1.48704688e-14
230    -0.000517054338
231    -0.000383877426
232    0.000196995967
233    -3.29478169e-14
234    7.15693611e-06
235    1.03241224e-16
236    -6.20044535e-06
237    -4.07712519e-16
238    -2.53014863e-05
239    -9.48372886e-10
240    3.58978922e-08
241    -1.3148635e-07
242    7.79805422e-07
243    -8.74111501e-06
244    -4.01307223e-05
245    2.50228356e-05
246    1.36946839e-06
247    -1.90205724e-05
248    -1.05341544e-15
249    7.67811089e-05
250    2.39852382e-06
251    8.36232815e-05
252    3.09166865e-16
253    -0.000224182884
254    0.000144671192
255    -0.000107783088
256    -3.64602337e-15
257    0.000332276351
258    5.51985899e-05
259    -6.72766343e-05
260    -1.09569121e-14
261    0.000393798397
262    -0.000267759777
263    -0.000487727374
264    -6.8892842e-14
265    -7.6148234e-06
266    3.16055967e-16
267    -1.28546815e-06
268    5.15167889e-16
269    -3.99498156e-05
270    7.35148496e-06
271    -7.11104426e-06
272    -0.000102134854
273    -0.000101116891
274    -2.95171561e-06
275    6.44998646e-06
276    -2.60615202e-16
Sym=X
Ene=0.959508
Spin=Alpha
Occup=1
1    -2.46427594e-08
2    -2.37961068e-07
3    -7.8442998e-07
4    -3.83804078e-06
5    7.41451338e-06
6    0.00010180761
7    -2.94490798e-05
8    2.76616475e-05
9    -1.82195561e-05
10    -4.58335465e-16
11    -0.000308948103
12    0.00042582756
13    -0.000266774373
14    -2.10547167e-15
15    -0.000114805308
16    -3.01147491e-05
17    -0.000163552017
18    -1.03986852e-15
19    0.00195408305
20    -0.000109300435
21    0.00131662106
22    -1.51967457e-14
23    -0.000111248354
24    -0.000277783321
25    0.000435514817
26    -9.79880519e-14
27    0.000241883199
28    -5.79675269e-17
29    5.67677382e-05
30    7.64253912e-16
31    -8.43081917e-05
32    -0.000219487895
33    -0.00018353355
34    -0.000214790436
35    -0.000218993061
36    -0.000106694369
37    -5.26569616e-05
38    -1.46674878e-15
39    -9.33010758e-06
40    -0.000127639198
41    0.000124787511
42    0.00100028699
43    9.61400921e-06
44    -5.58918542e-05
45    -4.68991459e-16
46    -4.95647269e-06
47    1.91279576e-05
48    0.000268923679
49    0.000500884614
50    -7.41291779e-07
51    7.0207241e-07
52    6.65352634e-16
53    -1.72087068e-08
54    -1.97556859e-07
55    -4.57193212e-07
56    -3.2545883e-06
57    1.19191123e-05
58    0.000107884498
59    -3.14077576e-05
60    2.49359971e-06
61    3.0815696e-05
62    -1.55245622e-15
63    -0.000334858032
64    -2.43384444e-05
65    0.000459650972
66    3.63500466e-16
67    -0.000103426813
68    -0.000178973901
69    0.000161558386
70    -6.1728751e-15
71    0.000545767024
72    0.000104897619
73    -0.000195367259
74    -2.82870189e-14
75    0.00070257702
76    0.000312877714
77    0.000213033877
78    3.92879961e-14
79    4.61211139e-05
80    7.89179013e-16
81    6.24434124e-05
82    3.2565702e-16
83    0.00024368501
84    -6.92156696e-09
85    -6.46980748e-08
86    -2.33259535e-07
87    -1.11595402e-06
88    3.75460969e-07
89    9.79047276e-06
90    -1.15626239e-05
91    2.42731387e-06
92    -1.64586525e-05
93    -8.44784081e-16
94    -1.00828106e-05
95    -1.81955551e-05
96    2.67240788e-05
97    8.32078767e-16
98    -0.000117932337
99    -3.99632501e-05
100    3.65236042e-06
101    -6.5101822e-15
102    -5.50910309e-05
103    -7.14874568e-06
104    -1.10695374e-06
105    1.28527643e-14
106    0.000352801172
107    5.09855285e-05
108    4.40285825e-05
109    -2.52602433e-14
110    2.0161097e-05
111    1.63743821e-16
112    3.45249269e-06
113    -5.38363442e-17
114    1.14399033e-05
115    2.76111312e-10
116    -7.13050782e-09
117    3.05053221e-08
118    -1.52441092e-07
119    2.05088764e-06
120    1.07467344e-05
121    -6.04872082e-06
122    -5.32687879e-06
123    -6.10807624e-06
124    1.40473239e-15
125    -5.84668759e-06
126    2.34766516e-05
127    2.94884108e-05
128    2.69781957e-15
129    -0.000496006033
130    5.32069212e-05
131    6.31424644e-06
132    1.91818231e-15
133    -0.00137139304
134    0.000583834432
135    0.000321705478
136    -1.24884135e-14
137    0.000106230336
138    0.000537688956
139    -0.000146820775
140    -8.92946478e-14
141    2.42657876e-06
142    5.8928108e-16
143    9.58998654e-06
144    5.95200661e-16
145    6.33208473e-06
146    5.70071524e-10
147    -2.73739198e-09
148    3.75333219e-08
149    -6.54530321e-08
150    1.6230656e-06
151    6.33303295e-06
152    -3.79998999e-06
153    -8.69982334e-07
154    -5.50653893e-07
155    1.22864417e-15
156    -1.42805057e-05
157    5.12145174e-06
158    4.13880886e-06
159    1.86811322e-15
160    4.28425903e-05
161    -2.35609811e-05
162    -1.42251987e-05
163    3.36582704e-15
164    0.000133680408
165    -8.47524675e-05
166    -4.22253019e-05
167    6.08967151e-15
168    -0.000417182726
169    1.6813295e-05
170    -7.75286731e-05
171    4.4670781e-15
172    -7.68790371e-07
173    -1.91781879e-16
174    -3.56487453e-07
175    -5.47573154e-16
176    -1.80689508e-07
177    2.92682522e-07
178    2.19296162e-06
179    1.0996631e-05
180    3.63457406e-05
181    9.66216584e-05
182    7.03697293e-05
183    0.000102829045
184    -1.39938445e-05
185    -1.1386555e-05
186    6.14029205e-16
187    -4.87629259e-05
188    4.58163532e-05
189    3.23832814e-05
190    1.07048076e-15
191    0.000104522757
192    4.64319588e-05
193    -0.000163338157
194    7.9977063e-16
195    0.000790841549
196    -2.41030993e-05
197    -0.000694839849
198    1.46471647e-14
199    0.000836123138
200    0.000476937084
201    -0.000373988616
202    2.95780029e-14
203    -2.17191818e-05
204    1.22496647e-16
205    6.65337621e-06
206    5.44588124e-16
207    -1.45662777e-05
208    -0.001096865
209    -0.00835148672
210    -0.0409201438
211    -0.138896497
212    -0.335840898
213    -0.144546112
214    -0.467065634
215    -0.000422787236
216    -0.000279073432
217    -2.08423195e-15
218    -0.00482812972
219    0.00029389405
220    0.000135277125
221    -1.20354355e-15
222    0.00128475549
223    -6.83164145e-06
224    3.79145414e-05
225    -7.12482356e-15
226    -0.00256340704
227    -0.00074765621
228    -0.000398925833
229    1.62839934e-14
230    -0.00183186032
231    -0.000513185244
232    -4.64030798e-05
233    2.84325232e-14
234    -8.07903368e-05
235    -1.26912301e-16
236    -0.000326238912
237    9.90742984e-17
238    -4.53813425e-05
239    9.4418546e-10
240    -2.54594532e-08
241    1.07047999e-07
242    -5.40131239e-07
243    7.27349045e-06
244    3.96068445e-05
245    -2.13303323e-05
246    -1.26929172e-05
247    -4.71830043e-06
248    9.62617778e-16
249    -0.000104353342
250    9.03691733e-05
251    4.1282772e-05
252    -1.66780732e-15
253    0.0003107676
254    -0.000203959581
255    0.000151387094
256    5.09611554e-15
257    -0.000552703676
258    0.000107731975
259    -0.000220475865
260    3.90339878e-15
261    -0.000299456998
262    -0.000460033368
263    -0.00075308394
264    1.24238875e-13
265    -2.29727452e-05
266    9.94645303e-16
267    4.30280621e-06
268    6.49923453e-16
269    -5.02647733e-05
270    -8.27144852e-06
271    2.68606294e-05
272    8.24191621e-05
273    -7.17770591e-05
274    7.34724692e-06
275    3.3123028e-06
276    1.19911966e-16
Sym=X
Ene=0.021057
Spin=Alpha
Occup=1
1    -1.24490864e-09
2    1.34338628e-08
3    -9.97656436e-08
4    3.15160948e-07
5    -4.88562252e-06
6    -2.20384824e-05
7    1.25333947e-05
8    -8.50304307e-07
9    -8.12789517e-06
10    -1.66290088e-15
11    3.95565109e-05
12    1.22348268e-05
13    3.7843512e-05
14    -1.27147334e-15
15    0.000153153645
16    3.82316201e-05
17    5.09074331e-05
18    -1.84013643e-15
19    0.000883961393
20    -5.25039083e-05
21    0.000732554101
22    1.4801815e-14
23    6.01543641e-05
24    -0.000382745176
25    0.000275205265
26    5.72248043e-14
27    1.21890412e-06
28    1.55007033e-16
29    -5.44243281e-06
30    -5.91288177e-16
31    2.89855437e-06
32    7.16187891e-06
33    -2.87434243e-05
34    -0.000173128909
35    -0.000255989654
36    -2.89736593e-06
37    9.93262171e-07
38    -1.83603338e-17
39    3.21184118e-06
40    3.33373832e-06
41    3.60686734e-05
42    0.000627474504
43    -1.00991004e-06
44    2.34820639e-06
45    -7.75904336e-16
46    0.000239310978
47    5.90514731e-05
48    0.000320648102
49    0.000288768401
50    -3.4094854e-06
51    -9.79520298e-05
52    1.48444082e-15
53    2.22226109e-08
54    1.81276187e-07
55    7.72609731e-07
56    2.79148016e-06
57    1.01606167e-06
58    -5.06517788e-05
59    -4.35698652e-07
60    4.80821591e-05
61    2.25769049e-05
62    1.05722224e-15
63    0.000282921533
64    0.000293883186
65    0.000119747512
66    -6.80595814e-16
67    -0.000237383535
68    -0.000107251158
69    -0.000153614964
70    5.14906057e-15
71    -0.000960766686
72    -0.00052211107
73    0.000226326219
74    3.26400203e-14
75    -0.000992611907
76    -4.88964561e-05
77    0.000362716477
78    -7.59968793e-15
79    0.00013167035
80    3.2717313e-16
81    -1.15780909e-05
82    5.2144568e-16
83    0.000144534228
84    3.90022392e-09
85    4.7440476e-08
86    1.07299835e-07
87    8.45410304e-07
88    -2.45999016e-06
89    -1.48036292e-05
90    1.33338509e-05
91    -1.70802104e-05
92    -3.78632748e-06
93    5.45361487e-16
94    1.94875486e-05
95    3.759528e-05
96    -8.72523664e-06
97    -2.31562153e-16
98    7.03170502e-05
99    8.89501054e-06
100    1.50190059e-05
101    3.62360443e-15
102    -0.000117167161
103    2.0745839e-05
104    1.08814349e-06
105    -1.02326521e-14
106    -0.000609023495
107    -4.29913805e-05
108    6.29050292e-05
109    9.15737027e-15
110    6.03710232e-07
111    -1.82883602e-16
112    -4.46213769e-06
113    2.81773381e-16
114    2.36746153e-05
115    1.99424366e-08
116    1.71603148e-07
117    6.73122012e-07
118    2.75655958e-06
119    7.84130252e-07
120    -3.49541257e-05
121    -6.2985554e-07
122    -4.52456787e-05
123    2.68880597e-05
124    1.71861221e-15
125    0.000237414879
126    -0.000240546032
127    0.000121183464
128    3.96643143e-15
129    -0.000233544656
130    7.15405475e-05
131    -8.35717772e-05
132    4.17839148e-15
133    -0.00161317268
134    0.000724959505
135    0.000362791788
136    2.49868154e-14
137    0.000188053848
138    0.000313536091
139    -3.38813939e-05
140    5.01648246e-14
141    -0.000116907928
142    1.01845673e-15
143    2.28872522e-06
144    1.3561187e-16
145    0.000117695616
146    4.07965585e-09
147    4.92707156e-08
148    1.12887364e-07
149    8.77175102e-07
150    -2.49834921e-06
151    -1.51827836e-05
152    1.36665591e-05
153    1.71170223e-05
154    -3.30313727e-06
155    1.90789527e-15
156    1.99616867e-05
157    -3.72210409e-05
158    -1.24847609e-05
159    3.49144373e-15
160    5.78658626e-05
161    7.06426035e-06
162    3.89763487e-06
163    3.66740533e-15
164    -0.000115487418
165    -4.04757016e-05
166    -3.79132994e-06
167    1.80648577e-15
168    -0.000662602753
169    5.81875672e-05
170    2.18852436e-05
171    -2.86300872e-15
172    2.53233314e-06
173    -1.60192758e-16
174    -5.49717871e-06
175    -7.20622765e-16
176    1.8972916e-05
177    0.00109720558
178    0.00835412714
179    0.0409332029
180    0.138942317
181    0.335936093
182    0.144067097
183    0.467476012
184    -0.000136775795
185    -0.000239482283
186    1.83081267e-15
187    0.00426585559
188    8.55207945e-05
189    9.96455317e-05
190    1.19869122e-15
191    -0.000256054253
192    -6.43933357e-05
193    -8.29205113e-05
194    5.27845812e-15
195    0.00221295449
196    -1.57779713e-05
197    -0.000888933462
198    -1.68879922e-14
199    0.00188872433
200    0.000152808181
201    -0.000465760187
202    -2.72143023e-14
203    -1.07329978e-05
204    -3.97683573e-17
205    -4.88246691e-06
206    -1.9854693e-16
207    -1.38525361e-05
208    7.34000281e-07
209    5.63660221e-06
210    2.72758408e-05
211    9.3919848e-05
212    0.000215509725
213    5.6330752e-05
214    0.000340268189
215    -4.02242311e-06
216    -2.14276871e-05
217    -1.07627072e-15
218    6.83577871e-05
219    5.20385198e-06
220    6.94298393e-05
221    1.3698202e-16
222    -7.39861416e-05
223    -8.34544206e-05
224    -0.000106702565
225    -2.71924763e-15
226    -0.0004521097
227    -0.000332245582
228    -0.00019532618
229    -1.48770024e-14
230    -0.000516312711
231    -0.000383673377
232    0.000197017379
233    -3.29591534e-14
234    7.18943314e-06
235    1.03295366e-16
236    -6.06948846e-06
237    -4.07752803e-16
238    -2.52831925e-05
239    -9.48756901e-10
240    3.59080752e-08
241    -1.31529528e-07
242    7.80021655e-07
243    -8.74403489e-06
244    -4.01466034e-05
245    2.50313868e-05
246    1.37457804e-06
247    -1.9018645e-05
248    -1.05380812e-15
249    7.68229963e-05
250    2.36224189e-06
251    8.3606533e-05
252    3.09824758e-16
253    -0.000224308892
254    0.000144753882
255    -0.000107844093
256    -3.64808134e-15
257    0.000332498524
258    5.51527985e-05
259    -6.71891299e-05
260    -1.09585307e-14
261    0.000393917394
262    -0.000267575609
263    -0.000487424465
264    -6.89423621e-14
265    -7.60572145e-06
266    3.15653781e-16
267    -1.28720143e-06
268    5.14904134e-16
269    -3.9929535e-05
270    7.35478458e-06
271    -7.12204025e-06
272    -0.000102167961
273    -0.0001010855
274    -2.95461215e-06
275    6.44863719e-06
276    -2.60667764e-16
Sym=X
Ene=0.006783
Spin=Alpha
Occup=1
1    -1.21915422e-09
2    1.36831451e-08
3    -9.89472808e-08
4    3.19183783e-07
5    -4.89348415e-06
6    -2.21454432e-05
7    1.25644363e-05
8    -8.79218921e-07
9    -8.10885771e-06
10    -1.66247463e-15
11    3.98809663e-05
12    1.17887606e-05
13    3.81230435e-05
14    -1.26933891e-15
15    0.000153265917
16    3.82618542e-05
17    5.10724702e-05
18    -1.83922659e-15
19    0.000881867462
20    -5.2382647e-05
21    0.000731141154
22    1.48173669e-14
23    6.02716993e-05
24    -0.000382458158
25    0.000274756502
26    5.73309419e-14
27    9.65681627e-07
28    1.55050713e-16
29    -5.50176888e-06
30    -5.92039849e-16
31    2.98656895e-06
32    7.39186772e-06
33    -2.85515683e-05
34    -0.000172904052
35    -0.000255755485
36    -2.78557145e-06
37    1.0480849e-06
38    -1.69127344e-17
39    3.2216145e-06
40    3.46670258e-06
41    3.59333618e-05
42    0.000626403185
43    -1.01995196e-06
44    2.40656563e-06
45    -7.7543939e-16
46    0.000239316247
47    5.90311609e-05
48    0.000320364696
49    0.0002882487
50    -3.40850991e-06
51    -9.79526264e-05
52    1.483744e-15
53    2.22403022e-08
54    1.81479334e-07
55    7.73076735e-07
56    2.79479725e-06
57    1.00324256e-06
58    -5.07688618e-05
59    -4.02846328e-07
60    4.8078637e-05
61    2.25451414e-05
62    1.05872656e-15
63    0.000283285943
64    0.000293894462
65    0.000119274608
66    -6.81179321e-16
67    -0.000237298368
68    -0.000107055323
69    -0.000153789419
70    5.15522392e-15
71    -0.000961414244
72    -0.000522159026
73    0.000226483941
74    3.26690957e-14
75    -0.000993323212
76    -4.92242918e-05
77    0.000362494376
78    -7.64272873e-15
79    0.000131614624
80    3.26354432e-16
81    -1.16462871e-05
82    5.21143381e-16
83    0.000144282937
84    3.23011724e-08
85    2.63501671e-07
86    1.16662298e-06
87    4.45088412e-06
88    6.46034153e-06
89    -1.05768642e-05
90    2.61628732e-05
91    -1.70373658e-05
92    -3.79629322e-06
93    5.4617996e-16
94    1.96384277e-05
95    3.75928889e-05
96    -8.74029025e-06
97    -2.32561271e-16
98    7.0418553e-05
99    8.94600703e-06
100    1.50095572e-05
101    3.63021876e-15
102    -0.000117023988
103    2.07598977e-05
104    1.08600812e-06
105    -1.02463553e-14
106    -0.000609208284
107    -4.30097635e-05
108    6.28399675e-05
109    9.18453111e-15
110    5.85603104e-07
111    -1.83036075e-16
112    -4.46397965e-06
113    2.81810877e-16
114    2.36612239e-05
115    1.99419767e-08
116    1.7160893e-07
117    6.73083537e-07
118    2.75667878e-06
119    7.81791395e-07
120    -3.4967367e-05
121    -6.23451603e-07
122    -4.52396319e-05
123    2.68947367e-05
124    1.71720097e-15
125    0.000237427372
126    -0.000240564421
127    0.000121156569
128    3.96380992e-15
129    -0.000233032501
130    7.14877546e-05
131    -8.35757669e-05
132    4.17642353e-15
133    -0.00161179156
134    0.000724336967
135    0.000362443687
136    2.49998214e-14
137    0.000187934211
138    0.000312971931
139    -3.37246672e-05
140    5.02613626e-14
141    -0.000116906811
142    1.01785376e-15
143    2.2773212e-06
144    1.35037209e-16
145    0.0001176906
146    1.72883755e-08
147    1.49758329e-07
148    6.05550961e-07
149    2.55404035e-06
150    1.64996652e-06
151    -1.32171493e-05
152    1.96328122e-05
153    1.7097784e-05
154    -3.31503665e-06
155    1.90669479e-15
156    2.00434199e-05
157    -3.72170779e-05
158    -1.24832128e-05
159    3.48959809e-15
160    5.78074806e-05
161    7.08659549e-06
162    3.91084092e-06
163    3.66408937e-15
164    -0.000115600355
165    -4.03880035e-05
166    -3.74715111e-06
167    1.80051125e-15
168    -0.000662146259
169    5.81646245e-05
170    2.19633969e-05
171    -2.86801201e-15
172    2.53164915e-06
173    -1.60008906e-16
174    -5.49552582e-06
175    -7.2007037e-16
176    1.8972433e-05
177    0.00109720422
178    0.00835411678
179    0.0409331519
180    0.138942145
181    0.335935667
182    0.144066884
183    0.467475454
184    -0.000136760784
185    -0.000239470183
186    1.83015262e-15
187    0.00426590382
188    8.54719736e-05
189    9.96115178e-05
190    1.19756179e-15
191    -0.000256161279
192    -6.44422294e-05
193    -8.27510765e-05
194    5.27763841e-15
195    0.00221212694
196    -1.57550915e-05
197    -0.000888198722
198    -1.6903227e-14
199    0.00188777686
200    0.000152337799
201    -0.000465369714
202    -2.72448761e-14
203    -1.07103046e-05
204    -3.98942426e-17
205    -4.88959746e-06
206    -1.99077601e-16
207    -1.38360643e-05
208    1.88213962e-06
209    1.43784907e-05
210    7.01088463e-05
211    0.000239309256
212    0.000567049754
213    0.000207633086
214    0.000829167931
215    -3.57963726e-06
216    -2.11359146e-05
217    -1.07417416e-15
218    7.34127462e-05
219    4.89562907e-06
220    6.92894279e-05
221    1.38044978e-16
222    -7.53296063e-05
223    -8.34459804e-05
224    -0.000106741864
225    -2.71208114e-15
226    -0.000449412988
227    -0.000331460878
228    -0.000194908436
229    -1.4893853e-14
230    -0.00051445026
231    -0.000383121322
232    0.000197042245
233    -3.29896999e-14
234    7.27340659e-06
235    1.03405203e-16
236    -5.72808422e-06
237    -4.07855542e-16
238    -2.52363369e-05
239    -9.49719391e-10
240    3.59348533e-08
241    -1.31640377e-07
242    7.80588744e-07
243    -8.75163555e-06
244    -4.01881001e-05
245    2.50537346e-05
246    1.38780705e-06
247    -1.90138409e-05
248    -1.05478424e-15
249    7.69321207e-05
250    2.2675273e-06
251    8.35640684e-05
252    3.11622056e-16
253    -0.000224624981
254    0.000144961712
255    -0.000108000375
256    -3.65336525e-15
257    0.000333109367
258    5.5044272e-05
259    -6.69490957e-05
260    -1.09619098e-14
261    0.000394234357
262    -0.000267092691
263    -0.000486642549
264    -6.9076565e-14
265    -7.58102827e-06
266    3.14642495e-16
267    -1.29165874e-06
268    5.14256729e-16
269    -3.98773624e-05
270    7.36354325e-06
271    -7.14889104e-06
272    -0.000102253417
273    -0.000101022475
274    -2.9625894e-06
275    6.44528159e-06
276    -2.60771974e-16
Sym=X
Ene=0.0
Spin=Alpha
Occup=1
1    0.0
2    0.0
3    0.0
4    0.0
5    0.0
6    0.0
7    0.0
8    0.0
9    0.0
10    0.0
11    0.0
12    0.0
13    0.0
14    0.0
15    0.0
16    0.0
17    0.0
18    0.0
19    0.0
20    0.0
21    0.0
22    0.0
23    0.0
24    0.0
25    0.0
26    0.0
27    0.0
28    0.0
29    0.0
30    0.0
31    0.0
32    0.0
33    0.0
34    0.0
35    0.0
36    0.0
37    0.0
38    0.0
39    0.0
40    0.0
41    0.0
42    0.0
43    0.0
44    0.0
45    0.0
46    0.0
47    0.0
48    0.0
49    0.0
50    0.0
51    0.0
52    0.0
53    0.0
54    0.0
55    0.0
56    0.0
57    0.0
58    0.0
59    0.0
60    0.0
61    0.0
62    0.0
63    0.0
64    0.0
65    0.0
66    0.0
67    0.0
68    0.0
69    0.0
70    0.0
71    0.0
72    0.0
73    0.0
74    0.0
75    0.0
76    0.0
77    0.0
78    0.0
79    0.0
80    0.0
81    0.0
82    0.0
83    0.0
84    0.0
85    0.0
86    0.0
87    0.0
88    0.0
89    0.0
90    0.0
91    0.0
92    0.0
93    0.0
94    0.0
95    0.0
96    0.0
97    0.0
98    0.0
99    0.0
100    0.0
101    0.0
102    0.0
103    0.0
104    0.0
105    0.0
106    0.0
107    0.0
108    0.0
109    0.0
110    0.0
111    0.0
112    0.0
113    0.0
114    0.0
115    0.0
116    0.0
117    0.0
118    0.0
119    0.0
120    0.0
121    0.0
122    0.0
123    0.0
124    0.0
125    0.0
126    0.0
127    0.0
128    0.0
129    0.0
130    0.0
131    0.0
132    0.0
133    0.0
134    0.0
135    0.0
136    0.0
137    0.0
138    0.0
139    0.0
140    0.0
141    0.0
142    0.0
143    0.0
144    0.0
145    0.0
146    0.0
147    0.0
148    0.0
149    0.0
150    0.0
151    0.0
152    0.0
153    0.0
154    0.0
155    0.0
156    0.0
157    0.0
158    0.0
159    0.0
160    0.0
161    0.0
162    0.0
163    0.0
164    0.0
165    0.0
166    0.0
167    0.0
168    0.0
169    0.0
170    0.0
171    0.0
172    0.0
173    0.0
174    0.0
175    0.0
176    0.0
177    0.0
178    0.0
179    0.0
180    0.0
181    0.0
182    0.0
183    0.0
184    0.0
185    0.0
186    0.0
187    0.0
188    0.0
189    0.0
190    0.0
191    0.0
192    0.0
193    0.0
194    0.0
195    0.0
196    0.0
197    0.0
198    0.0
199    0.0
200    0.0
201    0.0
202    0.0
203    0.0
204    0.0
205    0.0
206    0.0
207    0.0
208    0.0
209    0.0
210    0.0
211    0.0
212    0.0
213    0.0
214    0.0
215    0.0
216    0.0
217    0.0
218    0.0
219    0.0
220    0.0
221    0.0
222    0.0
223    0.0
224    0.0
225    0.0
226    0.0
227    0.0
228    0.0
229    0.0
230    0.0
231    0.0
232    0.0
233    0.0
234    0.0
235    0.0
236    0.0
237    0.0
238    0.0
239    0.0
240    0.0
241    0.0
242    0.0
243    0.0
244    0.0
245    0.0
246    0.0
247    0.0
248    0.0
249    0.0
250    0.0
251    0.0
252    0.0
253    0.0
254    0.0
255    0.0
256    0.0
257    0.0
258    0.0
259    0.0
260    0.0
261    0.0
262    0.0
263    0.0
264    0.0
265    0.0
266    0.0
267    0.0
268    0.0
269    0.0
270    0.0
271    0.0
272    0.0
273    0.0
274    0.0
275    0.0
276    0.0
Sym=X
Ene=0.0
Spin=Alpha
Occup=1
1    0.0
2    0.0
3    0.0
4    0.0
5    0.0
6    0.0
7    0.0
8    0.0
9    0.0
10    0.0
11    0.0
12    0.0
13    0.0
14    0.0
15    0.0
16    0.0
17    0.0
18    0.0
19    0.0
20    0.0
21    0.0
22    0.0
23    0.0
24    0.0
25    0.0
26    0.0
27    0.0
28    0.0
29    0.0
30    0.0
31    0.0
32    0.0
33    0.0
34    0.0
35    0.0
36    0.0
37    0.0
38    0.0
39    0.0
40    0.0
41    0.0
42    0.0
43    0.0
44    0.0
45    0.0
46    0.0
47    0.0
48    0.0
49    0.0
50    0.0
51    0.0
52    0.0
53    0.0
54    0.0
55    0.0
56    0.0
57    0.0
58    0.0
59    0.0
60    0.0
61    0.0
62    0.0
63    0.0
64    0.0
65    0.0
66    0.0
67    0.0
68    0.0
69    0.0
70    0.0
71    0.0
72    0.0
73    0.0
74    0.0
75    0.0
76    0.0
77    0.0
78    0.0
79    0.0
80    0.0
81    0.0
82    0.0
83    0.0
84    0.0
85    0.0
86    0.0
87    0.0
88    0.0
89    0.0
90    0.0
91    0.0
92    0.0
93    0.0
94    0.0
95    0.0
96    0.0
97    0.0
98    0.0
99    0.0
100    0.0
101    0.0
102    0.0
103    0.0
104    0.0
105    0.0
106    0.0
107    0.0
108    0.0
109    0.0
110    0.0
111    0.0
112    0.0
113    0.0
114    0.0
115    0.0
116    0.0
117    0.0
118    0.0
119    0.0
120    0.0
121    0.0
122    0.0
123    0.0
124    0.0
125    0.0
126    0.0
127    0.0
128    0.0
129    0.0
130    0.0
131    0.0
132    0.0
133    0.0
134    0.0
135    0.0
136    0.0
137    0.0
138    0.0
139    0.0
140    0.0
141    0.0
142    0.0
143    0.0
144    0.0
145    0.0
146    0.0
147    0.0
148    0.0
149    0.0
150    0.0
151    0.0
152    0.0
153    0.0
154    0.0
155    0.0
156    0.0
157    0.0
158    0.0
159    0.0
160    0.0
161    0.0
162    0.0
163    0.0
164    0.0
165    0.0
166    0.0
167    0.0
168    0.0
169    0.0
170    0.0
171    0.0
172    0.0
173    0.0
174    0.0
175    0.0
176    0.0
177    0.0
178    0.0
179    0.0
180    0.0
181    0.0
182    0.0
183    0.0
184    0.0
185    0.0
186    0.0
187    0.0
188    0.0
189    0.0
190    0.0
191    0.0
192    0.0
193    0.0
194    0.0
195    0.0
196    0.0
197    0.0
198    0.0
199    0.0
200    0.0
201    0.0
202    0.0
203    0.0
204    0.0
205    0.0
206    0.0
207    0.0
208    0.0
209    0.0
210    0.0
211    0.0
212    0.0
213    0.0
214    0.0
215    0.0
216    0.0
217    0.0
218    0.0
219    0.0
220    0.0
221    0.0
222    0.0
223    0.0
224    0.0
225    0.0
226    0.0
227    0.0
228    0.0
229    0.0
230    0.0
231    0.0
232    0.0
233    0.0
234    0.0
235    0.0
236    0.0
237    0.0
238    0.0
239    0.0
240    0.0
241    0.0
242    0.0
243    0.0
244    0.0
245    0.0
246    0.0
247    0.0
248    0.0
249    0.0
250    0.0
251    0.0
252    0.0
253    0.0
254    0.0
255    0.0
256    0.0
257    0.0
258    0.0
259    0.0
260    0.0
261    0.0
262    0.0
263    0.0
264    0.0
265    0.0
266    0.0
267    0.0
268    0.0
269    0.0
270    0.0
271    0.0
272    0.0
273    0.0
274    0.0
275    0.0
276    0.0
Sym=X
Ene=0.0
Spin=Alpha
Occup=1
1    0.0
2    0.0
3    0.0
4    0.0
5    0.0
6    0.0
7    0.0
8    0.0
9    0.0
10    0.0
11    0.0
12    0.0
13    0.0
14    0.0
15    0.0
16    0.0
17    0.0
18    0.0
19    0.0
20    0.0
21    0.0
22    0.0
23    0.0
24    0.0
25    0.0
26    0.0
27    0.0
28    0.0
29    0.0
30    0.0
31    0.0
32    0.0
33    0.0
34    0.0
35    0.0
36    0.0
37    0.0
38    0.0
39    0.0
40    0.0
41    0.0
42    0.0
43    0.0
44    0.0
45    0.0
46    0.0
47    0.0
48    0.0
49    0.0
50    0.0
51    0.0
52    0.0
53    0.0
54    0.0
55    0.0
56    0.0
57    0.0
58    0.0
59    0.0
60    0.0
61    0.0
62    0.0
63    0.0
64    0.0
65    0.0
66    0.0
67    0.0
68    0.0
69    0.0
70    0.0
71    0.0
72    0.0
73    0.0
74    0.0
75    0.0
76    0.0
77    0.0
78    0.0
79    0.0
80    0.0
81    0.0
82    0.0
83    0.0
84    0.0
85    0.0
86    0.0
87    0.0
88    0.0
89    0.0
90    0.0
91    0.0
92    0.0
93    0.0
94    0.0
95    0.0
96    0.0
97    0.0
98    0.0
99    0.0
100    0.0
101    0.0
102    0.0
103    0.0
104    0.0
105    0.0
106    0.0
107    0.0
108    0.0
109    0.0
110    0.0
111    0.0
112    0.0
113    0.0
114    0.0
115    0.0
116    0.0
117    0.0
118    0.0
119    0.0
120    0.0
121    0.0
122    0.0
123    0.0
124    0.0
125    0.0
126    0.0
127    0.0
128    0.0
129    0.0
130    0.0
131    0.0
132    0.0
133    0.0
134    0.0
135    0.0
136    0.0
137    0.0
138    0.0
139    0.0
140    0.0
141    0.0
142    0.0
143    0.0
144    0.0
145    0.0
146    0.0
147    0.0
148    0.0
149    0.0
150    0.0
151    0.0
152    0.0
153    0.0
154    0.0
155    0.0
156    0.0
157    0.0
158    0.0
159    0.0
160    0.0
161    0.0
162    0.0
163    0.0
164    0.0
165    0.0
166    0.0
167    0.0
168    0.0
169    0.0
170    0.0
171    0.0
172    0.0
173    0.0
174    0.0
175    0.0
176    0.0
177    0.0
178    0.0
179    0.0
180    0.0
181    0.0
182    0.0
183    0.0
184    0.0
185    0.0
186    0.0
187    0.0
188    0.0
189    0.0
190    0.0
191    0.0
192    0.0
193    0.0
194    0.0
195    0.0
196    0.0
197    0.0
198    0.0
199    0.0
200    0.0
201    0.0
202    0.0
203    0.0
204    0.0
205    0.0
206    0.0
207    0.0
208    0.0
209    0.0
210    0.0
211    0.0
212    0.0
213    0.0
214    0.0
215    0.0
216    0.0
217    0.0
218    0.0
219    0.0
220    0.0
221    0.0
222    0.0
223    0.0
224    0.0
225    0.0
226    0.0
227    0.0
228    0.0
229    0.0
230    0.0
231    0.0
232    0.0
233    0.0
234    0.0
235    0.0
236    0.0
237    0.0
238    0.0
239    0.0
240    0.0
241    0.0
242    0.0
243    0.0
244    0.0
245    0.0
246    0.0
247    0.0
248    0.0
249    0.0
250    0.0
251    0.0
252    0.0
253    0.0
254    0.0
255    0.0
256    0.0
257    0.0
258    0.0
259    0.0
260    0.0
261    0.0
262    0.0
263    0.0
264    0.0
265    0.0
266    0.0
267    0.0
268    0.0
269    0.0
270    0.0
271    0.0
272    0.0
273    0.0
274    0.0
275    0.0
276    0.0
Sym=X
Ene=0.0
Spin=Alpha
Occup=1
1    0.0
2    0.0
3    0.0
4    0.0
5    0.0
6    0.0
7    0.0
8    0.0
9    0.0
10    0.0
11    0.0
12    0.0
13    0.0
14    0.0
15    0.0
16    0.0
17    0.0
18    0.0
19    0.0
20    0.0
21    0.0
22    0.0
23    0.0
24    0.0
25    0.0
26    0.0
27    0.0
28    0.0
29    0.0
30    0.0
31    0.0
32    0.0
33    0.0
34    0.0
35    0.0
36    0.0
37    0.0
38    0.0
39    0.0
40    0.0
41    0.0
42    0.0
43    0.0
44    0.0
45    0.0
46    0.0
47    0.0
48    0.0
49    0.0
50    0.0
51    0.0
52    0.0
53    0.0
54    0.0
55    0.0
56    0.0
57    0.0
58    0.0
59    0.0
60    0.0
61    0.0
62    0.0
63    0.0
64    0.0
65    0.0
66    0.0
67    0.0
68    0.0
69    0.0
70    0.0
71    0.0
72    0.0
73    0.0
74    0.0
75    0.0
76    0.0
77    0.0
78    0.0
79    0.0
80    0.0
81    0.0
82    0.0
83    0.0
84    0.0
85    0.0
86    0.0
87    0.0
88    0.0
89    0.0
90    0.0
91    0.0
92    0.0
93    0.0
94    0.0
95    0.0
96    0.0
97    0.0
98    0.0
99    0.0
100    0.0
101    0.0
102    0.0
103    0.0
104    0.0
105    0.0
106    0.0
107    0.0
108    0.0
109    0.0
110    0.0
111    0.0
112    0.0
113    0.0
114    0.0
115    0.0
116    0.0
117    0.0
118    0.0
119    0.0
120    0.0
121    0.0
122    0.0
123    0.0
124    0.0
125    0.0
126    0.0
127    0.0
128    0.0
129    0.0
130    0.0
131    0.0
132    0.0
133    0.0
134    0.0
135    0.0
136    0.0
137    0.0
138    0.0
139    0.0
140    0.0
141    0.0
142    0.0
143    0.0
144    0.0
145    0.0
146    0.0
147    0.0
148    0.0
149    0.0
150    0.0
151    0.0
152    0.0
153    0.0
154    0.0
155    0.0
156    0.0
157    0.0
158    0.0
159    0.0
160    0.0
161    0.0
162    0.0
163    0.0
164    0.0
165    0.0
166    0.0
167    0.0
168    0.0
169    0.0
170    0.0
171    0.0
172    0.0
173    0.0
174    0.0
175    0.0
176    0.0
177    0.0
178    0.0
179    0.0
180    0.0
181    0.0
182    0.0
183    0.0
184    0.0
185    0.0
186    0.0
187    0.0
188    0.0
189    0.0
190    0.0
191    0.0
192    0.0
193    0.0
194    0.0
195    0.0
196    0.0
197    0.0
198    0.0
199    0.0
200    0.0
201    0.0
202    0.0
203    0.0
204    0.0
205    0.0
206    0.0
207    0.0
208    0.0
209    0.0
210    0.0
211    0.0
212    0.0
213    0.0
214    0.0
215    0.0
216    0.0
217    0.0
218    0.0
219    0.0
220    0.0
221    0.0
222    0.0
223    0.0
224    0.0
225    0.0
226    0.0
227    0.0
228    0.0
229    0.0
230    0.0
231    0.0
232    0.0
233    0.0
234    0.0
235    0.0
236    0.0
237    0.0
238    0.0
239    0.0
240    0.0
241    0.0
242    0.0
243    0.0
244    0.0
245    0.0
246    0.0
247    0.0
248    0.0
249    0.0
250    0.0
251    0.0
252    0.0
253    0.0
254    0.0
255    0.0
256    0.0
257    0.0
258    0.0
259    0.0
260    0.0
261    0.0
262    0.0
263    0.0
264    0.0
265    0.0
266    0.0
267    0.0
268    0.0
269    0.0
270    0.0
271    0.0
272    0.0
273    0.0
274    0.0
275    0.0
276    0.0
[5D]