[Molden Format]
[Atoms] (Angs)
  N      1    7      1.94018933      0.52508494      0.00000000
  N      2    7     -0.02213269      1.91541175      0.00000000
  N      3    7     -1.17840874     -1.47034963     -0.00000000
  N      4    7     -2.06912523      0.58482266      0.00000000
  N      5    7      1.87296022     -1.79117643     -0.00000000
  C      6    6      1.29026180      1.69525713      0.00000000
  C      7    6     -0.70757697      0.77138093      0.00000000
  C      8    6     -0.17789318     -0.51725539     -0.00000000
  C      9    6      1.22552274     -0.60755281     -0.00000000
  C     10    6     -2.28299045     -0.77446763     -0.00000000
  H     11    1     -2.76356369      1.31172362      0.00000000
  H     12    1     -3.27766143     -1.18864608     -0.00000000
  H     13    1      1.92065024      2.57638112      0.00000000
  H     14    1      1.35622854     -2.65035184     -0.00000000
  H     15    1      2.87602238     -1.79983315     -0.00000000
[GTO]
1    0
S    6    1.000000
   6.29348000E+03    1.96979000E-03 
   9.49044000E+02    1.49613000E-02 
   2.18776000E+02    7.35006000E-02 
   6.36916000E+01    2.48937000E-01 
   1.88282000E+01    6.02460000E-01 
   2.72023000E+00    2.56202000E-01 
SP   3    1.000000
   3.06331000E+01    1.11906000E-01   3.83119000E-02 
   7.02614000E+00    9.21666000E-01   2.37403000E-01 
   2.11205000E+00   -2.56919000E-03   8.17592000E-01 
SP   1    1.000000
   6.84009000E-01    1.00000000E+00   1.00000000E+00 
SP   1    1.000000
   2.00878000E-01    1.00000000E+00   1.00000000E+00 
SP   1    1.000000
   6.39000000E-02    1.00000000E+00   1.00000000E+00 
SP   1    1.000000
   1.92469880E-02    1.00000000E+00   1.00000000E+00 
D    1    1.000000
   9.13000000E-01    1.00000000E+00 

2    0
S    6    1.000000
   6.29348000E+03    1.96979000E-03 
   9.49044000E+02    1.49613000E-02 
   2.18776000E+02    7.35006000E-02 
   6.36916000E+01    2.48937000E-01 
   1.88282000E+01    6.02460000E-01 
   2.72023000E+00    2.56202000E-01 
SP   3    1.000000
   3.06331000E+01    1.11906000E-01   3.83119000E-02 
   7.02614000E+00    9.21666000E-01   2.37403000E-01 
   2.11205000E+00   -2.56919000E-03   8.17592000E-01 
SP   1    1.000000
   6.84009000E-01    1.00000000E+00   1.00000000E+00 
SP   1    1.000000
   2.00878000E-01    1.00000000E+00   1.00000000E+00 
SP   1    1.000000
   6.39000000E-02    1.00000000E+00   1.00000000E+00 
SP   1    1.000000
   1.92469880E-02    1.00000000E+00   1.00000000E+00 
D    1    1.000000
   9.13000000E-01    1.00000000E+00 

3    0
S    6    1.000000
   6.29348000E+03    1.96979000E-03 
   9.49044000E+02    1.49613000E-02 
   2.18776000E+02    7.35006000E-02 
   6.36916000E+01    2.48937000E-01 
   1.88282000E+01    6.02460000E-01 
   2.72023000E+00    2.56202000E-01 
SP   3    1.000000
   3.06331000E+01    1.11906000E-01   3.83119000E-02 
   7.02614000E+00    9.21666000E-01   2.37403000E-01 
   2.11205000E+00   -2.56919000E-03   8.17592000E-01 
SP   1    1.000000
   6.84009000E-01    1.00000000E+00   1.00000000E+00 
SP   1    1.000000
   2.00878000E-01    1.00000000E+00   1.00000000E+00 
SP   1    1.000000
   6.39000000E-02    1.00000000E+00   1.00000000E+00 
SP   1    1.000000
   1.92469880E-02    1.00000000E+00   1.00000000E+00 
D    1    1.000000
   9.13000000E-01    1.00000000E+00 

4    0
S    6    1.000000
   6.29348000E+03    1.96979000E-03 
   9.49044000E+02    1.49613000E-02 
   2.18776000E+02    7.35006000E-02 
   6.36916000E+01    2.48937000E-01 
   1.88282000E+01    6.02460000E-01 
   2.72023000E+00    2.56202000E-01 
SP   3    1.000000
   3.06331000E+01    1.11906000E-01   3.83119000E-02 
   7.02614000E+00    9.21666000E-01   2.37403000E-01 
   2.11205000E+00   -2.56919000E-03   8.17592000E-01 
SP   1    1.000000
   6.84009000E-01    1.00000000E+00   1.00000000E+00 
SP   1    1.000000
   2.00878000E-01    1.00000000E+00   1.00000000E+00 
SP   1    1.000000
   6.39000000E-02    1.00000000E+00   1.00000000E+00 
SP   1    1.000000
   1.92469880E-02    1.00000000E+00   1.00000000E+00 
D    1    1.000000
   9.13000000E-01    1.00000000E+00 

5    0
S    6    1.000000
   6.29348000E+03    1.96979000E-03 
   9.49044000E+02    1.49613000E-02 
   2.18776000E+02    7.35006000E-02 
   6.36916000E+01    2.48937000E-01 
   1.88282000E+01    6.02460000E-01 
   2.72023000E+00    2.56202000E-01 
SP   3    1.000000
   3.06331000E+01    1.11906000E-01   3.83119000E-02 
   7.02614000E+00    9.21666000E-01   2.37403000E-01 
   2.11205000E+00   -2.56919000E-03   8.17592000E-01 
SP   1    1.000000
   6.84009000E-01    1.00000000E+00   1.00000000E+00 
SP   1    1.000000
   2.00878000E-01    1.00000000E+00   1.00000000E+00 
SP   1    1.000000
   6.39000000E-02    1.00000000E+00   1.00000000E+00 
SP   1    1.000000
   1.92469880E-02    1.00000000E+00   1.00000000E+00 
D    1    1.000000
   9.13000000E-01    1.00000000E+00 

6    0
S    1    1.000000
   4.56324000E+03    1.96665000E-03 
S    1    1.000000
   6.82024000E+02    1.52306000E-02 
S    1    1.000000
   1.54973000E+02    7.61269000E-02 
S    1    1.000000
   4.44553000E+01    2.60801000E-01 
S    1    1.000000
   1.30290000E+01    6.16462000E-01 
S    1    1.000000
   1.82773000E+00    2.21006000E-01 
SP   3    1.000000
   2.09642000E+01    1.14660000E-01   4.02487000E-02 
   4.80331000E+00    9.19999000E-01   2.37594000E-01 
   1.45933000E+00   -3.03068000E-03   8.15854000E-01 
SP   1    1.000000
   4.83456000E-01    1.00000000E+00   1.00000000E+00 
SP   1    1.000000
   1.45585000E-01    1.00000000E+00   1.00000000E+00 
SP   1    1.000000
   4.38000000E-02    1.00000000E+00   1.00000000E+00 
SP   1    1.000000
   1.31927711E-02    1.00000000E+00   1.00000000E+00 
D    1    1.000000
   6.26000000E-01    1.00000000E+00 

7    0
S    1    1.000000
   4.56324000E+03    1.96665000E-03 
S    1    1.000000
   6.82024000E+02    1.52306000E-02 
S    1    1.000000
   1.54973000E+02    7.61269000E-02 
S    1    1.000000
   4.44553000E+01    2.60801000E-01 
S    1    1.000000
   1.30290000E+01    6.16462000E-01 
S    1    1.000000
   1.82773000E+00    2.21006000E-01 
SP   3    1.000000
   2.09642000E+01    1.14660000E-01   4.02487000E-02 
   4.80331000E+00    9.19999000E-01   2.37594000E-01 
   1.45933000E+00   -3.03068000E-03   8.15854000E-01 
SP   1    1.000000
   4.83456000E-01    1.00000000E+00   1.00000000E+00 
SP   1    1.000000
   1.45585000E-01    1.00000000E+00   1.00000000E+00 
SP   1    1.000000
   4.38000000E-02    1.00000000E+00   1.00000000E+00 
SP   1    1.000000
   1.31927711E-02    1.00000000E+00   1.00000000E+00 
D    1    1.000000
   6.26000000E-01    1.00000000E+00 

8    0
S    1    1.000000
   4.56324000E+03    1.96665000E-03 
S    1    1.000000
   6.82024000E+02    1.52306000E-02 
S    1    1.000000
   1.54973000E+02    7.61269000E-02 
S    1    1.000000
   4.44553000E+01    2.60801000E-01 
S    1    1.000000
   1.30290000E+01    6.16462000E-01 
S    1    1.000000
   1.82773000E+00    2.21006000E-01 
SP   3    1.000000
   2.09642000E+01    1.14660000E-01   4.02487000E-02 
   4.80331000E+00    9.19999000E-01   2.37594000E-01 
   1.45933000E+00   -3.03068000E-03   8.15854000E-01 
SP   1    1.000000
   4.83456000E-01    1.00000000E+00   1.00000000E+00 
SP   1    1.000000
   1.45585000E-01    1.00000000E+00   1.00000000E+00 
SP   1    1.000000
   4.38000000E-02    1.00000000E+00   1.00000000E+00 
SP   1    1.000000
   1.31927711E-02    1.00000000E+00   1.00000000E+00 
D    1    1.000000
   6.26000000E-01    1.00000000E+00 

9    0
S    1    1.000000
   4.56324000E+03    1.96665000E-03 
S    1    1.000000
   6.82024000E+02    1.52306000E-02 
S    1    1.000000
   1.54973000E+02    7.61269000E-02 
S    1    1.000000
   4.44553000E+01    2.60801000E-01 
S    1    1.000000
   1.30290000E+01    6.16462000E-01 
S    1    1.000000
   1.82773000E+00    2.21006000E-01 
SP   3    1.000000
   2.09642000E+01    1.14660000E-01   4.02487000E-02 
   4.80331000E+00    9.19999000E-01   2.37594000E-01 
   1.45933000E+00   -3.03068000E-03   8.15854000E-01 
SP   1    1.000000
   4.83456000E-01    1.00000000E+00   1.00000000E+00 
SP   1    1.000000
   1.45585000E-01    1.00000000E+00   1.00000000E+00 
SP   1    1.000000
   4.38000000E-02    1.00000000E+00   1.00000000E+00 
SP   1    1.000000
   1.31927711E-02    1.00000000E+00   1.00000000E+00 
D    1    1.000000
   6.26000000E-01    1.00000000E+00 

10    0
S    1    1.000000
   4.56324000E+03    1.96665000E-03 
S    1    1.000000
   6.82024000E+02    1.52306000E-02 
S    1    1.000000
   1.54973000E+02    7.61269000E-02 
S    1    1.000000
   4.44553000E+01    2.60801000E-01 
S    1    1.000000
   1.30290000E+01    6.16462000E-01 
S    1    1.000000
   1.82773000E+00    2.21006000E-01 
SP   3    1.000000
   2.09642000E+01    1.14660000E-01   4.02487000E-02 
   4.80331000E+00    9.19999000E-01   2.37594000E-01 
   1.45933000E+00   -3.03068000E-03   8.15854000E-01 
SP   1    1.000000
   4.83456000E-01    1.00000000E+00   1.00000000E+00 
SP   1    1.000000
   1.45585000E-01    1.00000000E+00   1.00000000E+00 
SP   1    1.000000
   4.38000000E-02    1.00000000E+00   1.00000000E+00 
SP   1    1.000000
   1.31927711E-02    1.00000000E+00   1.00000000E+00 
D    1    1.000000
   6.26000000E-01    1.00000000E+00 

11    0
S    3    1.000000
   3.38650000E+01    2.54938000E-02 
   5.09479000E+00    1.90373000E-01 
   1.15879000E+00    8.52161000E-01 
S    1    1.000000
   3.25840000E-01    1.00000000E+00 
S    1    1.000000
   1.02741000E-01    1.00000000E+00 
S    1    1.000000
   3.60000000E-02    1.00000000E+00 
P    1    1.000000
   7.50000000E-01    1.00000000E+00 

12    0
S    3    1.000000
   3.38650000E+01    2.54938000E-02 
   5.09479000E+00    1.90373000E-01 
   1.15879000E+00    8.52161000E-01 
S    1    1.000000
   3.25840000E-01    1.00000000E+00 
S    1    1.000000
   1.02741000E-01    1.00000000E+00 
S    1    1.000000
   3.60000000E-02    1.00000000E+00 
P    1    1.000000
   7.50000000E-01    1.00000000E+00 

13    0
S    3    1.000000
   3.38650000E+01    2.54938000E-02 
   5.09479000E+00    1.90373000E-01 
   1.15879000E+00    8.52161000E-01 
S    1    1.000000
   3.25840000E-01    1.00000000E+00 
S    1    1.000000
   1.02741000E-01    1.00000000E+00 
S    1    1.000000
   3.60000000E-02    1.00000000E+00 
P    1    1.000000
   7.50000000E-01    1.00000000E+00 

14    0
S    3    1.000000
   3.38650000E+01    2.54938000E-02 
   5.09479000E+00    1.90373000E-01 
   1.15879000E+00    8.52161000E-01 
S    1    1.000000
   3.25840000E-01    1.00000000E+00 
S    1    1.000000
   1.02741000E-01    1.00000000E+00 
S    1    1.000000
   3.60000000E-02    1.00000000E+00 
P    1    1.000000
   7.50000000E-01    1.00000000E+00 

15    0
S    3    1.000000
   3.38650000E+01    2.54938000E-02 
   5.09479000E+00    1.90373000E-01 
   1.15879000E+00    8.52161000E-01 
S    1    1.000000
   3.25840000E-01    1.00000000E+00 
S    1    1.000000
   1.02741000E-01    1.00000000E+00 
S    1    1.000000
   3.60000000E-02    1.00000000E+00 
P    1    1.000000
   7.50000000E-01    1.00000000E+00 

[MO]
Sym=X
Ene=0.92327
Spin=Alpha
Occup=1
1    -4.57544721e-06
2    1.43180201e-06
3    -2.00157869e-05
4    -1.74185718e-05
5    -1.92874017e-15
6    -3.20512522e-05
7    5.48006658e-05
8    7.57822708e-05
9    4.22658759e-15
10    -4.7412129e-05
11    5.77979401e-05
12    -0.000146139372
13    -2.00088454e-14
14    -0.000599804662
15    0.000405201482
16    -0.000114474651
17    1.13768544e-13
18    6.39601214e-05
19    0.000189737535
20    -0.000105993121
21    7.54756624e-14
22    -4.11585024e-05
23    -4.96900209e-16
24    4.9982945e-06
25    1.22777995e-16
26    -2.45347649e-05
27    -6.37986985e-06
28    -1.09046984e-06
29    -3.85479267e-06
30    -2.89498188e-05
31    -2.82070418e-15
32    -1.62827175e-05
33    3.06298694e-05
34    7.62685667e-05
35    4.18575585e-15
36    -0.000120271842
37    -0.000147702673
38    5.38794517e-05
39    -1.92371845e-14
40    -0.000125030319
41    -0.000179027759
42    2.5495273e-05
43    9.99529739e-14
44    -0.000303954606
45    -0.000175365874
46    1.98423102e-05
47    1.19824322e-13
48    -1.94492337e-06
49    2.89619732e-16
50    1.38772163e-05
51    1.9589342e-16
52    4.99317685e-05
53    0.00014532954
54    0.000213619072
55    -6.93876097e-05
56    -8.68828308e-05
57    2.50635665e-15
58    -0.000346928307
59    -0.000515695374
60    -0.000365973545
61    -4.6694356e-15
62    -0.000142198384
63    5.84946458e-05
64    4.64267686e-05
65    2.3131529e-14
66    0.000584618434
67    0.000248931412
68    3.72588038e-05
69    -9.86019395e-14
70    0.000703020172
71    -8.56235682e-05
72    0.000117514173
73    -2.72545683e-14
74    -0.000292090777
75    6.55224602e-16
76    0.000105225476
77    -4.99161536e-16
78    -9.75564321e-06
79    -9.34679916e-06
80    -1.61984875e-07
81    2.50196441e-05
82    -2.95047922e-06
83    8.81951392e-16
84    -4.82470761e-05
85    -9.35126423e-05
86    1.43526616e-05
87    5.6929566e-16
88    -0.000101964007
89    -3.36162179e-05
90    0.000152960569
91    -4.28995861e-15
92    -0.00085441296
93    -0.000644787655
94    0.000673438495
95    4.33068136e-14
96    -0.000332397052
97    -0.000320299015
98    0.000436721622
99    -1.3366969e-14
100    -1.32148132e-05
101    -4.19502865e-16
102    5.82629813e-06
103    -3.52257629e-16
104    -2.55510032e-05
105    -7.30035037e-06
106    -1.33077099e-06
107    -1.83255348e-05
108    1.89367964e-05
109    -4.6700406e-16
110    -3.84602627e-05
111    5.74927543e-05
112    -7.41597114e-05
113    2.39722665e-15
114    0.000145245804
115    3.48608073e-05
116    0.000110901258
117    -9.10216461e-15
118    -0.00012079515
119    5.51503992e-05
120    0.000122852207
121    5.13997696e-14
122    1.63157109e-05
123    -0.000140428991
124    3.15900262e-05
125    -1.34043986e-14
126    4.50492848e-05
127    -1.67479735e-17
128    1.13186944e-06
129    -8.16684462e-16
130    3.65569063e-06
131    -4.28639133e-07
132    -3.3407119e-06
133    -1.65055019e-05
134    -5.72911139e-05
135    -0.000129334947
136    -2.40849229e-05
137    -0.000195278165
138    -1.51180234e-06
139    -5.68213559e-06
140    -1.67848693e-15
141    -4.3824446e-05
142    -3.76240918e-06
143    2.61868237e-05
144    2.52333316e-15
145    0.000520478565
146    -6.19425147e-05
147    -0.000104828008
148    -1.47860096e-14
149    0.00120274458
150    -0.000467049643
151    -0.000398729967
152    -8.52018294e-14
153    0.000933500234
154    -0.000150658262
155    -0.000102122735
156    -9.52016838e-14
157    2.84220865e-05
158    -4.8884804e-17
159    3.77378958e-07
160    3.79508527e-16
161    8.37475515e-07
162    1.41421933e-05
163    0.00010955884
164    0.000546104189
165    0.00187737218
166    0.00442012087
167    0.00165794813
168    0.00600946459
169    -6.60893983e-05
170    0.000132688832
171    -2.02608303e-16
172    -0.000462153746
173    -0.000217504626
174    0.000478004453
175    -4.79746824e-16
176    0.000978499919
177    0.000142782486
178    -0.000550228997
179    5.99057944e-15
180    -7.28802061e-05
181    -0.000229624787
182    -0.000587453426
183    -2.68671615e-13
184    0.000229750872
185    0.000599270768
186    -0.000307417225
187    -2.51359843e-14
188    0.000256148455
189    -1.00079805e-15
190    1.39343402e-05
191    -1.74808902e-16
192    0.00020449698
193    -0.00110900579
194    -0.00858565808
195    -0.0428276628
196    -0.14704941
197    -0.347356963
198    -0.127005279
199    -0.464973482
200    0.000137506394
201    0.000356244188
202    -4.11571629e-16
203    -0.00202933248
204    -5.04616252e-05
205    -0.000313036456
206    3.93790037e-15
207    -0.00182743035
208    4.45850545e-05
209    -0.000189423094
210    -1.83091337e-14
211    -0.00935134866
212    -0.00455324294
213    0.00075450009
214    3.95598311e-13
215    -0.00112076436
216    -0.000310971336
217    0.000298267735
218    -5.38545936e-14
219    9.86503993e-05
220    -8.51806745e-16
221    0.000105773922
222    -5.67041791e-16
223    -5.86758125e-05
224    9.14905757e-06
225    7.08881488e-05
226    0.000353304061
227    0.00121497407
228    0.00285960721
229    0.0010967964
230    0.00390211951
231    0.000120758012
232    -9.58171526e-06
233    -8.28649594e-16
234    -0.000437927884
235    0.00055770868
236    4.30476154e-06
237    1.97580201e-15
238    0.000357931794
239    -0.000537498066
240    0.000119873854
241    4.53204018e-16
242    0.0104263751
243    -0.00298899373
244    -8.48730622e-05
245    -2.88286141e-13
246    -0.000475521807
247    1.68769988e-05
248    -0.000454502082
249    6.68331457e-14
250    -7.85543608e-06
251    -1.66725874e-16
252    3.86970444e-05
253    -1.1667286e-15
254    -0.000320393218
255    -4.6397554e-07
256    -3.60487847e-06
257    -1.78950503e-05
258    -6.17109362e-05
259    -0.000140402433
260    -1.05025789e-05
261    -0.000212479228
262    5.4116367e-06
263    -1.48732701e-05
264    1.63944653e-15
265    -0.000127836948
266    -9.34630659e-05
267    6.434013e-05
268    -1.03091656e-15
269    0.000577837089
270    0.00023172085
271    0.000102531921
272    6.81289883e-15
273    -0.00130924061
274    -0.000422640267
275    -0.000136484818
276    7.1791344e-15
277    0.000344627375
278    5.31248935e-05
279    2.65107009e-05
280    4.21518041e-14
281    9.03199192e-05
282    2.0407129e-16
283    -1.19494607e-05
284    -4.21046055e-16
285    3.0241926e-07
286    -1.38279436e-05
287    -3.73310843e-05
288    -0.000302435271
289    -0.000750983577
290    -1.7772716e-05
291    1.63300834e-05
292    2.08113879e-16
293    -1.85760226e-05
294    -5.8051454e-05
295    0.000154135556
296    -0.00020752294
297    -3.62392282e-05
298    -7.37808417e-06
299    3.86051299e-16
300    -2.99129802e-06
301    -5.03414663e-05
302    9.67383023e-05
303    0.000383647019
304    7.98243179e-06
305    1.21566382e-05
306    -5.28722292e-16
307    -5.14846627e-06
308    -6.2446461e-06
309    0.000120605732
310    -1.18166175e-05
311    -4.6047255e-06
312    -1.26598582e-05
313    -9.24466311e-17
314    -7.66792685e-06
315    -5.66281581e-05
316    5.63883398e-05
317    0.000225902643
318    1.91695546e-05
319    -3.53786091e-06
320    9.90840992e-16
Sym=X
Ene=0.920254
Spin=Alpha
Occup=1
1    0.000184034669
2    0.000259883239
3    7.68808304e-05
4    -0.000103948068
5    1.16482516e-15
6    -0.000396908763
7    0.000289108958
8    -0.000612432067
9    -2.43823694e-15
10    -0.000225256533
11    -8.14405819e-06
12    0.000180002683
13    1.04409855e-14
14    0.000117466009
15    6.61541471e-05
16    -3.50173156e-05
17    -6.87471999e-14
18    0.000330415829
19    -4.3655839e-05
20    -0.0002021226
21    -3.93172205e-14
22    0.000292098674
23    -2.27849098e-16
24    9.36181985e-05
25    2.42644552e-16
26    9.32227598e-05
27    0.000192698434
28    0.000267047661
29    -0.000135129631
30    3.67545792e-05
31    1.21634322e-15
32    -0.000379641354
33    -0.000651827801
34    5.50075218e-05
35    -1.84679573e-15
36    -0.000413160342
37    0.000148870172
38    0.000143921729
39    7.6747257e-15
40    -0.000404475335
41    -0.000223492333
42    3.34264927e-05
43    -5.13214015e-14
44    -0.000596233248
45    -0.000253976066
46    -2.38806368e-05
47    -8.81813912e-14
48    0.000157336754
49    1.20279036e-16
50    9.15219346e-05
51    -4.8349245e-18
52    -0.000260116751
53    2.04090904e-07
54    1.96183842e-07
55    -3.05722376e-07
56    2.19578074e-06
57    -1.40518631e-15
58    1.38998089e-05
59    3.62610476e-06
60    -1.17325143e-05
61    3.96988101e-15
62    -0.000317119946
63    -8.2459938e-05
64    -7.21122121e-05
65    -1.28942909e-14
66    -0.000274468034
67    -7.4169086e-05
68    -6.81191961e-05
69    6.32890918e-14
70    -0.000323191495
71    -2.04757182e-05
72    -1.70620691e-05
73    -4.94299916e-14
74    -2.2886227e-07
75    -6.67077779e-17
76    2.77331636e-06
77    2.40740088e-16
78    -3.72295599e-06
79    1.21789473e-06
80    6.23529908e-06
81    5.0662541e-06
82    3.68236367e-06
83    -7.21881781e-16
84    -4.7523102e-05
85    -4.51290689e-05
86    -1.7793389e-05
87    1.70932822e-16
88    0.000327036694
89    0.000179668682
90    7.89534977e-06
91    4.90011914e-15
92    0.000432563352
93    -4.07207498e-05
94    7.83042543e-05
95    -3.10054549e-14
96    0.000366100535
97    8.81127428e-05
98    5.29977252e-05
99    4.89565539e-14
100    -1.4667096e-05
101    4.01648931e-16
102    -1.21517686e-06
103    -2.51331195e-16
104    -1.18459448e-05
105    1.11584853e-06
106    6.79505273e-06
107    -1.43007038e-06
108    6.43030934e-06
109    3.86147896e-16
110    -5.36470687e-05
111    1.55941053e-05
112    -5.18814122e-05
113    -2.17052671e-15
114    0.000363317919
115    -0.000159925051
116    0.000109517954
117    6.48066246e-15
118    0.00034779226
119    -0.000153128403
120    4.9281526e-06
121    -3.63459058e-14
122    0.00018589961
123    -8.85915045e-05
124    -4.7708428e-05
125    3.66959063e-14
126    9.53718433e-06
127    1.77308058e-16
128    -4.3287179e-06
129    -2.27716541e-17
130    1.28282887e-05
131    -0.00110943914
132    -0.0085887825
133    -0.0428451619
134    -0.147098021
135    -0.347507749
136    -0.126609589
137    -0.465375464
138    0.00017887321
139    0.00034553804
140    7.07379099e-16
141    -0.00159164775
142    -2.1110084e-05
143    -0.000117351098
144    -1.77998369e-15
145    -0.000683881424
146    0.000412462459
147    0.000684134141
148    8.918744e-15
149    0.000456706295
150    -0.000377330928
151    -0.000295988166
152    4.64356971e-14
153    0.00125346537
154    -0.00018258777
155    -0.00015273264
156    1.0775439e-13
157    1.14243487e-05
158    -3.7334139e-16
159    0.000191988652
160    -2.52839207e-16
161    -2.43658857e-05
162    -2.5426327e-06
163    -1.97023511e-05
164    -9.81583174e-05
165    -0.000337437452
166    -0.000790543264
167    -0.00024532273
168    -0.00108721662
169    6.09557139e-06
170    1.9285231e-05
171    3.0125313e-16
172    -0.000114269715
173    -5.17364305e-05
174    -0.000103793552
175    2.08860119e-16
176    0.000555678349
177    0.000862900152
178    0.000404229847
179    -2.00365112e-15
180    -0.00104848392
181    0.000281916303
182    4.68303631e-06
183    1.53081064e-13
184    -0.000409000239
185    0.000294755793
186    -3.5117444e-05
187    -1.08181038e-13
188    -5.49872697e-05
189    1.02662133e-15
190    -3.31942692e-07
191    -1.63338124e-16
192    5.21865512e-05
193    3.59404609e-07
194    2.74911406e-06
195    1.39530301e-05
196    4.69736765e-05
197    0.000119748869
198    7.83273521e-05
199    0.000129047567
200    1.44197019e-05
201    9.35482066e-06
202    4.52075477e-16
203    -7.14129747e-05
204    -8.16452216e-05
205    -4.26499272e-05
206    -1.24433126e-15
207    -5.60426533e-06
208    -0.000220667838
209    -0.000465582751
210    1.04262986e-14
211    0.000246313292
212    -7.25740333e-05
213    0.000129890404
214    -2.34913841e-13
215    -0.000747938926
216    -0.000316328699
217    -0.000295996886
218    2.98324212e-13
219    -1.57458686e-05
220    9.38411797e-16
221    5.89638857e-06
222    4.40726847e-17
223    1.08815488e-06
224    -6.08215104e-07
225    -4.72257482e-06
226    -2.34638442e-05
227    -8.08728982e-05
228    -0.000185670247
229    -3.11955224e-05
230    -0.000272973529
231    1.82651673e-05
232    1.92572772e-05
233    8.95159507e-16
234    -8.61650475e-05
235    -8.82786986e-05
236    -0.000101752745
237    -1.96732679e-15
238    0.000224852309
239    -1.44780578e-05
240    0.000761192492
241    6.90390613e-16
242    -0.000708912765
243    -6.04352262e-05
244    -0.00012704916
245    1.76226212e-13
246    -0.000466708774
247    9.01344399e-05
248    1.71141819e-05
249    -2.05146476e-13
250    -7.70829203e-05
251    1.64353503e-16
252    -2.83326941e-06
253    5.24523735e-16
254    4.07690634e-05
255    7.30709549e-08
256    5.52169382e-07
257    2.8527602e-06
258    9.41035709e-06
259    2.56888157e-05
260    2.22143214e-05
261    2.26791203e-05
262    -3.2834714e-07
263    4.98965338e-06
264    -4.7959917e-16
265    -4.14957258e-05
266    3.05592917e-06
267    -2.61925954e-05
268    1.24917962e-15
269    0.000120215483
270    0.000171007948
271    0.000103339902
272    -4.20444732e-15
273    0.000153513402
274    0.000295858973
275    0.000101241376
276    5.72807752e-15
277    0.000366366538
278    3.24656346e-05
279    0.00013304202
280    -4.97949232e-14
281    -9.49495379e-06
282    -3.30678081e-16
283    -6.48183364e-06
284    3.66993842e-16
285    1.13546245e-05
286    -3.12681056e-06
287    3.31677407e-07
288    -4.38710479e-05
289    -0.000102157338
290    -1.11531415e-05
291    2.41913247e-06
292    -9.27107371e-16
293    -5.2652248e-06
294    3.54936817e-05
295    0.000119265539
296    0.000247610711
297    4.07895671e-06
298    -1.6489504e-06
299    -3.51601719e-16
300    -0.00036610637
301    -0.000524978871
302    -0.00019058707
303    0.000679851737
304    0.000184511875
305    0.000255226241
306    1.68781862e-16
307    -1.32948874e-06
308    -4.80676157e-05
309    -2.97233214e-05
310    -0.000177730642
311    -2.90979153e-06
312    -1.60863747e-05
313    8.26610402e-17
314    -3.21731969e-06
315    -1.81329739e-06
316    0.000113929646
317    8.26636932e-06
318    6.57998732e-06
319    -4.27801325e-06
320    -2.18594925e-16
Sym=X
Ene=0.922106
Spin=Alpha
Occup=1
1    -3.88026476e-06
2    1.35939344e-06
3    -1.28464448e-05
4    -2.20098854e-06
5    -3.89900198e-16
6    -4.08989548e-05
7    3.73054628e-05
8    1.95782476e-05
9    2.10883388e-15
10    0.000176670228
11    -7.72398185e-05
12    -4.28748289e-05
13    -6.50122769e-15
14    -3.06116645e-05
15    0.000249662781
16    -7.59216033e-05
17    5.59106177e-14
18    3.68239874e-05
19    0.000110570308
20    0.000204394568
21    5.15883193e-14
22    -1.48586113e-06
23    1.51772386e-16
24    5.70626942e-06
25    -4.50574051e-16
26    -7.13739989e-06
27    0.000182096091
28    0.000249809233
29    6.29238352e-05
30    0.000136232419
31    1.06887233e-16
32    -0.000373983132
33    0.000349023016
34    0.000463256492
35    2.70638901e-15
36    -3.47228772e-05
37    -7.44972444e-05
38    -9.29461393e-05
39    -4.505179e-15
40    -0.000695530885
41    -0.000389087775
42    0.000285944667
43    4.88007973e-14
44    -0.0012918054
45    -0.000135100397
46    1.33854774e-05
47    4.11932174e-14
48    -0.000231629622
49    -2.10071432e-16
50    7.89377707e-05
51    -1.02790564e-16
52    0.000164603651
53    -3.15533444e-06
54    9.16887452e-06
55    9.03716892e-06
56    2.29181925e-05
57    1.46752451e-15
58    -5.29365017e-05
59    -4.2237688e-05
60    -8.67894047e-05
61    -1.28551261e-15
62    -0.00029307541
63    0.000150980565
64    -0.00013172723
65    1.08055479e-14
66    -0.00077064089
67    -7.44927364e-05
68    -0.000143713142
69    -5.00752276e-14
70    -0.00111921914
71    -0.000797964855
72    -3.37923675e-05
73    -1.32526214e-14
74    -1.88115759e-05
75    5.88663722e-16
76    1.82297583e-05
77    -1.05066546e-16
78    1.9965503e-05
79    0.000151424628
80    0.000233775826
81    -8.98876349e-05
82    -4.52005327e-06
83    1.0969116e-15
84    -0.000433351527
85    -0.000754882852
86    -0.000180402106
87    1.88320548e-15
88    0.00010515912
89    5.69400575e-05
90    0.000112463578
91    1.2237629e-15
92    0.00191907242
93    1.26835947e-05
94    0.00110633283
95    1.91406927e-14
96    0.0016591928
97    0.000707783237
98    0.00059903344
99    -2.61160559e-14
100    -0.000172575803
101    -3.18532902e-16
102    0.000101441121
103    2.77015003e-16
104    -0.00031349214
105    4.34772326e-07
106    2.11662978e-06
107    -5.29773373e-06
108    1.10435321e-06
109    -6.24395722e-16
110    -3.32598732e-06
111    2.63590231e-05
112    -1.59067373e-05
113    1.27608086e-15
114    -0.000172816106
115    -2.2733029e-05
116    -4.47599369e-05
117    -5.90266694e-15
118    -0.000291257828
119    -0.000252248273
120    -4.63037629e-05
121    3.1533745e-14
122    0.00104104521
123    -0.000502628106
124    -3.89533712e-05
125    -1.07045243e-14
126    1.27624328e-05
127    1.25166171e-16
128    2.36236746e-06
129    -4.57581713e-17
130    -7.64488511e-06
131    2.65632136e-06
132    2.05185205e-05
133    0.00010268363
134    0.000351313977
135    0.000843103993
136    0.000369647092
137    0.00108022927
138    -1.86535796e-05
139    -2.82361173e-06
140    -1.04675879e-16
141    -0.000142923807
142    0.000137343182
143    3.35609017e-05
144    3.37004314e-15
145    0.000339502344
146    -0.000113239522
147    3.06285623e-05
148    -7.7336853e-15
149    -0.000399173606
150    -0.000140579139
151    -5.88936565e-05
152    -3.64221438e-14
153    -6.78870982e-05
154    -0.000493953697
155    0.000231476033
156    -6.88714334e-14
157    4.06443569e-05
158    -5.26911577e-17
159    -4.99849633e-06
160    -4.54456391e-16
161    -6.9179988e-05
162    -0.00110922185
163    -0.00858720553
164    -0.042836418
165    -0.147072374
166    -0.347428208
167    -0.12669512
168    -0.465223843
169    0.000934317992
170    -0.000444520345
171    5.11094975e-16
172    -0.00187062611
173    -0.00081151116
174    0.000396901357
175    3.95420925e-15
176    -0.00169095888
177    0.000636457448
178    0.000157471474
179    6.62318501e-17
180    0.00195123995
181    0.00330452343
182    -0.00110757791
183    -1.2043014e-13
184    0.000705382411
185    0.000889459997
186    -0.000413008283
187    3.76782069e-14
188    1.30266394e-05
189    -5.09915484e-16
190    0.000234613142
191    3.79609697e-16
192    0.000258205346
193    -1.36630138e-05
194    -0.000105645155
195    -0.000527817941
196    -0.00180833161
197    -0.00430166887
198    -0.0016015523
199    -0.00561655406
200    5.02650431e-05
201    -0.000126151844
202    6.17747106e-16
203    -0.000322412598
204    0.000177941274
205    -0.000339434285
206    2.59000971e-15
207    0.000770147517
208    -0.000431196659
209    0.000457130171
210    -2.88444148e-15
211    -0.0142398783
212    -0.00717764697
213    -0.00104949867
214    1.9562484e-13
215    -0.000721427342
216    -0.000454809624
217    -0.00131301246
218    -3.59813949e-14
219    0.000155892944
220    1.73331042e-16
221    -3.60312577e-05
222    -4.70704115e-16
223    0.000223567272
224    2.52338826e-07
225    1.89096638e-06
226    9.88485841e-06
227    3.21989745e-05
228    9.28729426e-05
229    0.000103980358
230    6.47939681e-05
231    -2.55553991e-05
232    7.73039889e-06
233    -5.06133637e-16
234    -0.000149016395
235    0.00016720907
236    -3.69104168e-05
237    2.1143222e-15
238    0.000209212763
239    -0.000112658314
240    -0.000278387674
241    -4.0801922e-16
242    0.01403066
243    -0.00335156583
244    8.54912666e-05
245    -1.57807246e-13
246    -1.77980359e-05
247    0.000588307843
248    0.000673016009
249    2.19002746e-14
250    3.79544632e-05
251    1.89225557e-16
252    1.41721545e-05
253    -6.56160768e-16
254    -7.64530515e-05
255    -4.00667631e-06
256    -3.10318714e-05
257    -0.000154708043
258    -0.000531478846
259    -0.00125041672
260    -0.000424013177
261    -0.00169741524
262    -6.61004184e-06
263    1.58882901e-05
264    7.82428706e-16
265    -8.72238785e-05
266    1.39484101e-05
267    -0.000100546189
268    1.8390114e-15
269    0.000649786318
270    0.000252443012
271    6.30020535e-05
272    1.67714556e-15
273    -0.00176136795
274    -0.000755778551
275    0.000158609852
276    9.68995312e-15
277    -3.6627207e-05
278    -0.000239853614
279    0.000523332643
280    8.47472791e-15
281    3.09566897e-06
282    2.22812826e-16
283    -1.42074126e-05
284    3.09521306e-16
285    9.02579048e-05
286    -3.66643082e-05
287    -6.06310331e-05
288    -0.000516372532
289    -0.0001413294
290    -5.44738868e-05
291    5.5475566e-05
292    5.75065181e-16
293    -1.75530086e-05
294    -6.04193744e-05
295    0.000180616962
296    -0.000290174018
297    -2.91068747e-05
298    -1.7550062e-05
299    5.72850753e-16
300    -1.25387605e-05
301    -0.000105965089
302    0.000153869047
303    0.000215404888
304    2.78010023e-05
305    2.7706761e-05
306    1.02691496e-16
307    -1.32965824e-06
308    -1.25851332e-05
309    -4.79036637e-05
310    -0.000397012722
311    -2.21436337e-06
312    -1.18710569e-06
313    -2.36529415e-16
314    -8.20144207e-07
315    2.43010357e-05
316    0.000201036432
317    0.000570673283
318    -7.07023207e-06
319    6.13760644e-07
320    -1.68820853e-16
Sym=X
Ene=0.919896
Spin=Alpha
Occup=1
1    -1.5971462e-08
2    -2.98444755e-07
3    3.10804208e-06
4    -2.64078452e-07
5    -3.46007828e-16
6    -9.20081695e-06
7    -1.27375624e-05
8    6.21444841e-07
9    -1.44606737e-15
10    0.000249431901
11    -0.00012588349
12    9.55306766e-06
13    -2.05814301e-15
14    0.000649037132
15    -0.000289582055
16    7.29899258e-05
17    2.20784269e-14
18    0.000581451767
19    -0.000254166664
20    0.000210834229
21    1.28644021e-14
22    1.06987209e-06
23    -2.26902401e-16
24    -2.39348225e-06
25    2.39219217e-16
26    3.44852952e-06
27    -1.85468838e-07
28    -5.4723418e-06
29    6.8605562e-06
30    2.62983314e-06
31    -1.41977852e-15
32    5.17074454e-05
33    -3.92398958e-05
34    -2.27830943e-05
35    -6.13038445e-16
36    -0.000405327232
37    0.000168599418
38    0.000167687092
39    -6.71444593e-15
40    -0.000846600282
41    6.00465141e-05
42    0.000219048087
43    2.90932904e-14
44    -0.000814520249
45    -5.82107666e-05
46    0.000245066062
47    4.75545066e-14
48    7.86037542e-06
49    3.43443144e-16
50    8.32361433e-07
51    -1.88467779e-16
52    -2.77398407e-06
53    -0.000220828964
54    -0.00029372947
55    -0.000144108836
56    0.00010159919
57    5.33923087e-16
58    0.000418406926
59    -0.000480162276
60    0.000242320786
61    -6.83015327e-16
62    -0.000172558754
63    0.000177901873
64    -0.000145802082
65    5.18336095e-15
66    0.000852178501
67    -0.000455949304
68    0.00035878676
69    -3.16099003e-14
70    6.65401823e-06
71    -0.000134412284
72    -0.000102779834
73    4.39659396e-14
74    -0.000251946919
75    1.0167615e-16
76    -6.30626953e-05
77    -5.16033361e-17
78    8.93479765e-05
79    -0.000151965944
80    -0.000230521034
81    -1.73779649e-05
82    -8.50385165e-05
83    -9.76369448e-16
84    0.000375774981
85    -0.00015905588
86    -0.000765786141
87    2.05182386e-15
88    0.000388953269
89    0.000280451207
90    -0.000129978006
91    -7.1066974e-15
92    -0.00038487657
93    1.93106464e-05
94    0.000378751696
95    2.8772337e-14
96    0.000389830736
97    0.000129110159
98    -5.73993353e-05
99    -2.88674976e-14
100    0.000147877781
101    1.0749816e-16
102    -0.000111988205
103    -2.75149795e-17
104    -0.000324172609
105    -1.65775688e-07
106    -1.95901259e-06
107    6.53320691e-07
108    -2.86481507e-06
109    1.4101996e-16
110    1.76889496e-05
111    -6.76155139e-06
112    1.60413151e-05
113    1.05738788e-15
114    -0.000197084725
115    -2.39630067e-05
116    -0.000101903937
117    -7.30121056e-16
118    -0.000282136264
119    7.44878518e-05
120    -9.83728149e-05
121    1.10199214e-14
122    -2.63611708e-05
123    0.000221591572
124    -7.57060122e-06
125    -3.15924403e-14
126    -3.89334108e-06
127    -3.32445776e-17
128    1.2421068e-06
129    -3.41092804e-18
130    -4.49843847e-06
131    8.94084752e-08
132    7.03191129e-07
133    3.42776104e-06
134    1.20785316e-05
135    2.56444759e-05
136    -2.12304667e-06
137    4.42962305e-05
138    5.04674712e-06
139    -9.07611841e-07
140    -1.85297767e-15
141    3.66219202e-05
142    -2.8240584e-05
143    5.34737621e-06
144    -6.02818842e-16
145    -0.000269298398
146    0.000130227459
147    0.000153716478
148    -6.2434721e-15
149    -0.000797812655
150    0.000401661985
151    0.000530378719
152    -2.20250818e-14
153    -0.0014163527
154    0.000289692896
155    6.13141393e-05
156    -6.69778149e-14
157    2.16990543e-06
158    -1.15459012e-16
159    8.8916892e-06
160    1.08866237e-16
161    1.24354725e-05
162    -3.96546166e-06
163    -3.06785018e-05
164    -0.000153179095
165    -0.000525404987
166    -0.00124810715
167    -0.000494797237
168    -0.00164163206
169    2.35330757e-05
170    -1.79967602e-06
171    -1.04392897e-15
172    0.000106246911
173    -9.06072077e-05
174    -8.51030569e-06
175    4.79122342e-17
176    -0.000650170898
177    0.000567691754
178    0.000963035243
179    -4.222723e-15
180    0.00607601879
181    0.00103976217
182    -0.00095737818
183    -9.39276557e-14
184    -0.000380387906
185    0.000376426889
186    0.00043795979
187    8.53237822e-14
188    -5.08887933e-06
189    -6.05838158e-16
190    7.83596e-06
191    -3.74418698e-16
192    5.14011345e-05
193    -4.75587113e-07
194    -3.67674501e-06
195    -1.83710041e-05
196    -6.30136195e-05
197    -0.000151942593
198    -8.3397011e-05
199    -0.000187024103
200    1.2588293e-05
201    1.4764233e-05
202    -6.68328064e-17
203    7.98513766e-05
204    -0.000107640908
205    -5.28224938e-05
206    -3.90782007e-16
207    0.000804495445
208    0.000416260269
209    0.000461113102
210    -6.78263393e-16
211    0.00236098703
212    0.00473024539
213    -0.00169482738
214    1.11789453e-13
215    0.00105824189
216    -0.000100368921
217    2.97952646e-05
218    -2.29048044e-13
219    5.12382799e-05
220    -3.8825319e-16
221    7.28922419e-06
222    6.62060804e-16
223    -4.09379559e-05
224    7.21481035e-08
225    5.90485832e-07
226    2.71208283e-06
227    1.02167504e-05
228    1.59081829e-05
229    -2.61228545e-05
230    4.8762774e-05
231    6.84790168e-06
232    1.32891316e-06
233    -6.93039303e-16
234    9.65058332e-05
235    -6.58582386e-05
236    -2.09458669e-06
237    1.54364376e-15
238    -0.000594731783
239    0.000426200959
240    -0.000437353071
241    -6.71852344e-15
242    -0.00853596745
243    0.0024107057
244    -0.000207113638
245    -6.0582383e-14
246    0.000606818086
247    -0.000205082189
248    0.000113119381
249    1.60395464e-13
250    7.81045225e-06
251    -4.66271825e-16
252    7.77629526e-07
253    3.25901922e-16
254    2.83021573e-05
255    0.00110937164
256    0.00858832287
257    0.0428423731
258    0.147091402
259    0.347480425
260    0.12668049
261    0.465309525
262    0.000110009983
263    0.000813630596
264    7.73974968e-16
265    0.00170503799
266    0.000138005566
267    -0.000664324606
268    -1.1060753e-15
269    0.000773785806
270    0.000682956782
271    0.000566977713
272    4.3152073e-15
273    0.00170242507
274    0.000494647904
275    0.000392337051
276    -1.05313272e-14
277    8.94723646e-05
278    -7.14067097e-05
279    0.00015738091
280    3.31101935e-14
281    -0.00011930194
282    -2.14335583e-16
283    -0.00015446643
284    -9.64364196e-17
285    0.000239617384
286    1.6823853e-05
287    0.000180734451
288    -0.000128881197
289    3.57935242e-05
290    4.54246712e-05
291    -7.38590453e-05
292    -2.73317189e-16
293    0.000347420712
294    0.000448083482
295    0.000290558776
296    9.48939892e-06
297    0.000260012929
298    9.42516117e-05
299    1.57430208e-16
300    4.57245462e-06
301    -1.25956229e-05
302    -0.000166860553
303    -0.000507066763
304    -4.87542405e-07
305    1.29952028e-06
306    -6.12985081e-16
307    -1.06973983e-06
308    -4.55754655e-06
309    -3.79708711e-05
310    3.67398871e-05
311    -3.31021925e-06
312    1.02520834e-06
313    1.50504872e-16
314    -6.32900629e-07
315    4.1033918e-05
316    -5.47673977e-05
317    -0.000310344282
318    -6.74117177e-06
319    -6.4467543e-07
320    2.96029557e-16
Sym=X
Ene=0.921854
Spin=Alpha
Occup=1
1    -0.000182962248
2    -0.000255789602
3    -9.27826144e-05
4    -0.000102081168
5    1.61427483e-15
6    0.000412467088
7    -0.000284488172
8    -0.000564969497
9    -4.79367641e-15
10    -0.000136212868
11    0.000202556224
12    0.000122485496
13    1.89348067e-14
14    0.000683588596
15    -0.000582666225
16    3.67923868e-05
17    -1.25134172e-13
18    -7.26896935e-05
19    -0.000158683916
20    9.65354059e-05
21    -7.56734454e-14
22    0.000281333068
23    1.15996756e-16
24    -7.43622544e-05
25    9.09322173e-17
26    -8.61527642e-05
27    2.88036345e-06
28    -2.75297872e-06
29    -4.75573666e-06
30    8.79504506e-06
31    2.52231025e-15
32    3.59707534e-05
33    1.23270501e-05
34    -3.51352843e-05
35    -4.57895318e-15
36    -0.000174756686
37    -1.22061031e-06
38    4.55624723e-05
39    1.71897065e-14
40    -0.000561959059
41    7.95714244e-05
42    0.000157168301
43    -1.06946958e-13
44    0.000353022715
45    7.46414524e-06
46    -5.63503637e-06
47    -1.19053269e-13
48    -3.29530064e-06
49    -3.3616539e-16
50    -1.14728103e-05
51    -2.79771709e-18
52    -3.77355878e-06
53    2.86096788e-06
54    -6.63267827e-07
55    -1.83737549e-05
56    1.60394507e-06
57    -1.27960517e-15
58    2.92699753e-05
59    3.95807157e-05
60    7.40425556e-06
61    8.98597544e-15
62    -0.000334901921
63    5.61156783e-05
64    -0.000174402557
65    -2.22981394e-14
66    -0.000387188447
67    9.20273736e-05
68    4.53944368e-06
69    1.14671732e-13
70    -0.00028286582
71    0.000397569128
72    -0.000148877185
73    2.51386668e-14
74    2.26802594e-05
75    2.16910996e-16
76    -2.83420601e-06
77    8.64909338e-16
78    3.47060767e-05
79    -6.07186346e-07
80    -4.70811832e-06
81    -5.16793453e-06
82    1.99300458e-06
83    3.06394357e-16
84    1.36089773e-05
85    3.55732752e-05
86    -1.00915469e-05
87    8.23610219e-16
88    0.000375445684
89    1.82024615e-05
90    -4.18539693e-06
91    7.32379502e-15
92    0.000806434638
93    0.00024426265
94    -0.000140505007
95    -4.3548186e-14
96    0.000430065459
97    3.7103611e-05
98    -0.000368709358
99    3.00807499e-14
100    -1.59375449e-06
101    -7.0388027e-17
102    -4.54434334e-06
103    2.7712788e-16
104    1.05122619e-05
105    -0.00016860853
106    -0.000250674202
107    -5.37884334e-05
108    9.06568807e-05
109    5.97766448e-16
110    0.000438926689
111    -0.000359841845
112    0.00068899764
113    -3.27400668e-15
114    -9.81130936e-05
115    0.000140771329
116    -2.53297662e-05
117    9.62427349e-15
118    -0.00106669488
119    -8.0843662e-05
120    -0.000366275021
121    -5.71728103e-14
122    -0.000524462355
123    0.000374732
124    -0.000286425789
125    4.4058527e-15
126    -0.000295311782
127    -1.21089459e-16
128    -8.84286907e-05
129    5.2879339e-16
130    -0.000192303487
131    -6.10967871e-07
132    -4.67616824e-06
133    -2.37124989e-05
134    -7.99438205e-05
135    -0.000203861072
136    -0.0001400991
137    -0.000218047773
138    -8.48848357e-06
139    2.92856649e-05
140    1.67788868e-15
141    0.000133919775
142    3.92030626e-05
143    -0.000161251839
144    -5.72040858e-15
145    -0.000197650236
146    -7.28603716e-05
147    0.000121958158
148    1.90443264e-14
149    -4.52099686e-06
150    0.000345166559
151    -8.2449984e-06
152    8.2782027e-14
153    -0.00149934924
154    6.92512783e-05
155    0.000280030196
156    9.76856047e-14
157    -6.93909176e-05
158    6.67009579e-17
159    -2.66622347e-06
160    -1.25530826e-16
161    -5.81726875e-05
162    1.3030281e-07
163    1.05855737e-06
164    4.92158152e-06
165    1.82758779e-05
166    2.96740568e-05
167    -4.73050958e-05
168    8.81311783e-05
169    -2.09848709e-05
170    1.68410035e-05
171    1.53256697e-15
172    0.000139109953
173    0.000109043482
174    -0.000118002508
175    3.49383981e-16
176    -0.000565647936
177    0.000341264611
178    0.00043858628
179    -1.10095186e-15
180    -0.000293600268
181    0.000367754184
182    0.000424091627
183    2.85240319e-13
184    -7.72913319e-05
185    -0.000698143835
186    4.30291441e-05
187    -1.31300149e-14
188    -8.96562613e-05
189    6.0964449e-16
190    -3.62913439e-06
191    -6.56921737e-16
192    -2.36179365e-05
193    8.73474685e-06
194    6.75594557e-05
195    0.00033734653
196    0.00115626815
197    0.00274363256
198    0.000969433102
199    0.0035926723
200    0.00010833188
201    -4.22687352e-06
202    2.20266725e-15
203    0.000398106996
204    0.000505906165
205    -0.000161404354
206    -2.11762793e-15
207    -0.000952382477
208    -0.00188054516
209    0.000179813828
210    2.20421583e-14
211    0.0121396468
212    0.00456770557
213    0.000223430034
214    -4.30120542e-13
215    0.00169688104
216    0.000546113217
217    -0.000279925657
218    9.19546009e-14
219    -4.86339241e-05
220    9.4262318e-16
221    -1.94383179e-05
222    1.86664116e-17
223    0.000264153686
224    0.0011094004
225    0.0085884915
226    0.042843679
227    0.147093881
228    0.347498962
229    0.126596206
230    0.465345559
231    0.000528125061
232    -0.000370004304
233    1.58471618e-15
234    0.00161963118
235    -0.000440150231
236    0.000391418942
237    -3.18704831e-15
238    0.0028562251
239    -0.000680063845
240    -0.000144766919
241    2.92541753e-15
242    -0.0121556767
243    0.00439356446
244    -0.00140984148
245    3.15567262e-13
246    0.000717298537
247    3.29435433e-06
248    0.000933788143
249    -7.55063336e-14
250    6.59809716e-05
251    9.93320393e-17
252    -0.000268642643
253    9.02604491e-16
254    9.74742442e-05
255    -6.89223081e-08
256    -4.98918589e-07
257    -2.74227883e-06
258    -8.43860824e-06
259    -2.89810789e-05
260    -4.69807703e-05
261    -8.45834377e-06
262    1.4592899e-07
263    2.85284595e-06
264    3.59582379e-16
265    0.000127865373
266    3.18831052e-05
267    -2.16866245e-05
268    3.53969973e-15
269    -0.000235874372
270    -0.000341726154
271    -0.000269992555
272    -4.3138554e-16
273    0.00162668408
274    0.000365153936
275    -7.84180476e-05
276    -1.03367421e-14
277    -0.000783550762
278    -9.89237024e-05
279    -0.000198325306
280    -4.79325254e-14
281    -1.42305036e-05
282    -4.67870688e-16
283    8.84367336e-06
284    1.23946146e-15
285    6.22801612e-06
286    6.07508467e-06
287    -5.83880543e-05
288    1.03306701e-05
289    0.000262506099
290    -4.16505975e-06
291    7.00097983e-06
292    1.09534152e-16
293    1.2228406e-05
294    -9.35070039e-05
295    -0.000203620529
296    8.91281508e-05
297    -8.99602288e-06
298    2.52003544e-07
299    -4.29928688e-17
300    1.32770996e-05
301    7.6524557e-05
302    -0.000114102256
303    -0.000166491503
304    -8.75710885e-06
305    -3.28542735e-05
306    6.40440909e-17
307    2.646103e-05
308    0.000142842202
309    -0.000140122552
310    -0.000226127082
311    3.60462089e-05
312    8.24701496e-05
313    1.36907821e-16
314    3.28226108e-05
315    3.56872542e-05
316    3.8602635e-05
317    -0.000648298282
318    -7.1893593e-05
319    5.8553104e-06
320    -8.98413841e-16
[5D]