[Molden Format]
[Atoms] (Angs)
  N      1    7      1.94018933      0.52508494      0.00000000
  N      2    7     -0.02213269      1.91541175      0.00000000
  N      3    7     -1.17840874     -1.47034963     -0.00000000
  N      4    7     -2.06912523      0.58482266      0.00000000
  N      5    7      1.87296022     -1.79117643     -0.00000000
  C      6    6      1.29026180      1.69525713      0.00000000
  C      7    6     -0.70757697      0.77138093      0.00000000
  C      8    6     -0.17789318     -0.51725539     -0.00000000
  C      9    6      1.22552274     -0.60755281     -0.00000000
  C     10    6     -2.28299045     -0.77446763     -0.00000000
  H     11    1     -2.76356369      1.31172362      0.00000000
  H     12    1     -3.27766143     -1.18864608     -0.00000000
  H     13    1      1.92065024      2.57638112      0.00000000
  H     14    1      1.35622854     -2.65035184     -0.00000000
  H     15    1      2.87602238     -1.79983315     -0.00000000
[GTO]
1    0
S    6    1.000000
   6.29348000E+03    1.96979000E-03 
   9.49044000E+02    1.49613000E-02 
   2.18776000E+02    7.35006000E-02 
   6.36916000E+01    2.48937000E-01 
   1.88282000E+01    6.02460000E-01 
   2.72023000E+00    2.56202000E-01 
SP   3    1.000000
   3.06331000E+01    1.11906000E-01   3.83119000E-02 
   7.02614000E+00    9.21666000E-01   2.37403000E-01 
   2.11205000E+00   -2.56919000E-03   8.17592000E-01 
SP   1    1.000000
   6.84009000E-01    1.00000000E+00   1.00000000E+00 
SP   1    1.000000
   2.00878000E-01    1.00000000E+00   1.00000000E+00 
SP   1    1.000000
   6.39000000E-02    1.00000000E+00   1.00000000E+00 
SP   1    1.000000
   1.92469880E-02    1.00000000E+00   1.00000000E+00 
D    1    1.000000
   9.13000000E-01    1.00000000E+00 

2    0
S    6    1.000000
   6.29348000E+03    1.96979000E-03 
   9.49044000E+02    1.49613000E-02 
   2.18776000E+02    7.35006000E-02 
   6.36916000E+01    2.48937000E-01 
   1.88282000E+01    6.02460000E-01 
   2.72023000E+00    2.56202000E-01 
SP   3    1.000000
   3.06331000E+01    1.11906000E-01   3.83119000E-02 
   7.02614000E+00    9.21666000E-01   2.37403000E-01 
   2.11205000E+00   -2.56919000E-03   8.17592000E-01 
SP   1    1.000000
   6.84009000E-01    1.00000000E+00   1.00000000E+00 
SP   1    1.000000
   2.00878000E-01    1.00000000E+00   1.00000000E+00 
SP   1    1.000000
   6.39000000E-02    1.00000000E+00   1.00000000E+00 
SP   1    1.000000
   1.92469880E-02    1.00000000E+00   1.00000000E+00 
D    1    1.000000
   9.13000000E-01    1.00000000E+00 

3    0
S    6    1.000000
   6.29348000E+03    1.96979000E-03 
   9.49044000E+02    1.49613000E-02 
   2.18776000E+02    7.35006000E-02 
   6.36916000E+01    2.48937000E-01 
   1.88282000E+01    6.02460000E-01 
   2.72023000E+00    2.56202000E-01 
SP   3    1.000000
   3.06331000E+01    1.11906000E-01   3.83119000E-02 
   7.02614000E+00    9.21666000E-01   2.37403000E-01 
   2.11205000E+00   -2.56919000E-03   8.17592000E-01 
SP   1    1.000000
   6.84009000E-01    1.00000000E+00   1.00000000E+00 
SP   1    1.000000
   2.00878000E-01    1.00000000E+00   1.00000000E+00 
SP   1    1.000000
   6.39000000E-02    1.00000000E+00   1.00000000E+00 
SP   1    1.000000
   1.92469880E-02    1.00000000E+00   1.00000000E+00 
D    1    1.000000
   9.13000000E-01    1.00000000E+00 

4    0
S    6    1.000000
   6.29348000E+03    1.96979000E-03 
   9.49044000E+02    1.49613000E-02 
   2.18776000E+02    7.35006000E-02 
   6.36916000E+01    2.48937000E-01 
   1.88282000E+01    6.02460000E-01 
   2.72023000E+00    2.56202000E-01 
SP   3    1.000000
   3.06331000E+01    1.11906000E-01   3.83119000E-02 
   7.02614000E+00    9.21666000E-01   2.37403000E-01 
   2.11205000E+00   -2.56919000E-03   8.17592000E-01 
SP   1    1.000000
   6.84009000E-01    1.00000000E+00   1.00000000E+00 
SP   1    1.000000
   2.00878000E-01    1.00000000E+00   1.00000000E+00 
SP   1    1.000000
   6.39000000E-02    1.00000000E+00   1.00000000E+00 
SP   1    1.000000
   1.92469880E-02    1.00000000E+00   1.00000000E+00 
D    1    1.000000
   9.13000000E-01    1.00000000E+00 

5    0
S    6    1.000000
   6.29348000E+03    1.96979000E-03 
   9.49044000E+02    1.49613000E-02 
   2.18776000E+02    7.35006000E-02 
   6.36916000E+01    2.48937000E-01 
   1.88282000E+01    6.02460000E-01 
   2.72023000E+00    2.56202000E-01 
SP   3    1.000000
   3.06331000E+01    1.11906000E-01   3.83119000E-02 
   7.02614000E+00    9.21666000E-01   2.37403000E-01 
   2.11205000E+00   -2.56919000E-03   8.17592000E-01 
SP   1    1.000000
   6.84009000E-01    1.00000000E+00   1.00000000E+00 
SP   1    1.000000
   2.00878000E-01    1.00000000E+00   1.00000000E+00 
SP   1    1.000000
   6.39000000E-02    1.00000000E+00   1.00000000E+00 
SP   1    1.000000
   1.92469880E-02    1.00000000E+00   1.00000000E+00 
D    1    1.000000
   9.13000000E-01    1.00000000E+00 

6    0
S    1    1.000000
   4.56324000E+03    1.96665000E-03 
S    1    1.000000
   6.82024000E+02    1.52306000E-02 
S    1    1.000000
   1.54973000E+02    7.61269000E-02 
S    1    1.000000
   4.44553000E+01    2.60801000E-01 
S    1    1.000000
   1.30290000E+01    6.16462000E-01 
S    1    1.000000
   1.82773000E+00    2.21006000E-01 
SP   3    1.000000
   2.09642000E+01    1.14660000E-01   4.02487000E-02 
   4.80331000E+00    9.19999000E-01   2.37594000E-01 
   1.45933000E+00   -3.03068000E-03   8.15854000E-01 
SP   1    1.000000
   4.83456000E-01    1.00000000E+00   1.00000000E+00 
SP   1    1.000000
   1.45585000E-01    1.00000000E+00   1.00000000E+00 
SP   1    1.000000
   4.38000000E-02    1.00000000E+00   1.00000000E+00 
SP   1    1.000000
   1.31927711E-02    1.00000000E+00   1.00000000E+00 
D    1    1.000000
   6.26000000E-01    1.00000000E+00 

7    0
S    1    1.000000
   4.56324000E+03    1.96665000E-03 
S    1    1.000000
   6.82024000E+02    1.52306000E-02 
S    1    1.000000
   1.54973000E+02    7.61269000E-02 
S    1    1.000000
   4.44553000E+01    2.60801000E-01 
S    1    1.000000
   1.30290000E+01    6.16462000E-01 
S    1    1.000000
   1.82773000E+00    2.21006000E-01 
SP   3    1.000000
   2.09642000E+01    1.14660000E-01   4.02487000E-02 
   4.80331000E+00    9.19999000E-01   2.37594000E-01 
   1.45933000E+00   -3.03068000E-03   8.15854000E-01 
SP   1    1.000000
   4.83456000E-01    1.00000000E+00   1.00000000E+00 
SP   1    1.000000
   1.45585000E-01    1.00000000E+00   1.00000000E+00 
SP   1    1.000000
   4.38000000E-02    1.00000000E+00   1.00000000E+00 
SP   1    1.000000
   1.31927711E-02    1.00000000E+00   1.00000000E+00 
D    1    1.000000
   6.26000000E-01    1.00000000E+00 

8    0
S    1    1.000000
   4.56324000E+03    1.96665000E-03 
S    1    1.000000
   6.82024000E+02    1.52306000E-02 
S    1    1.000000
   1.54973000E+02    7.61269000E-02 
S    1    1.000000
   4.44553000E+01    2.60801000E-01 
S    1    1.000000
   1.30290000E+01    6.16462000E-01 
S    1    1.000000
   1.82773000E+00    2.21006000E-01 
SP   3    1.000000
   2.09642000E+01    1.14660000E-01   4.02487000E-02 
   4.80331000E+00    9.19999000E-01   2.37594000E-01 
   1.45933000E+00   -3.03068000E-03   8.15854000E-01 
SP   1    1.000000
   4.83456000E-01    1.00000000E+00   1.00000000E+00 
SP   1    1.000000
   1.45585000E-01    1.00000000E+00   1.00000000E+00 
SP   1    1.000000
   4.38000000E-02    1.00000000E+00   1.00000000E+00 
SP   1    1.000000
   1.31927711E-02    1.00000000E+00   1.00000000E+00 
D    1    1.000000
   6.26000000E-01    1.00000000E+00 

9    0
S    1    1.000000
   4.56324000E+03    1.96665000E-03 
S    1    1.000000
   6.82024000E+02    1.52306000E-02 
S    1    1.000000
   1.54973000E+02    7.61269000E-02 
S    1    1.000000
   4.44553000E+01    2.60801000E-01 
S    1    1.000000
   1.30290000E+01    6.16462000E-01 
S    1    1.000000
   1.82773000E+00    2.21006000E-01 
SP   3    1.000000
   2.09642000E+01    1.14660000E-01   4.02487000E-02 
   4.80331000E+00    9.19999000E-01   2.37594000E-01 
   1.45933000E+00   -3.03068000E-03   8.15854000E-01 
SP   1    1.000000
   4.83456000E-01    1.00000000E+00   1.00000000E+00 
SP   1    1.000000
   1.45585000E-01    1.00000000E+00   1.00000000E+00 
SP   1    1.000000
   4.38000000E-02    1.00000000E+00   1.00000000E+00 
SP   1    1.000000
   1.31927711E-02    1.00000000E+00   1.00000000E+00 
D    1    1.000000
   6.26000000E-01    1.00000000E+00 

10    0
S    1    1.000000
   4.56324000E+03    1.96665000E-03 
S    1    1.000000
   6.82024000E+02    1.52306000E-02 
S    1    1.000000
   1.54973000E+02    7.61269000E-02 
S    1    1.000000
   4.44553000E+01    2.60801000E-01 
S    1    1.000000
   1.30290000E+01    6.16462000E-01 
S    1    1.000000
   1.82773000E+00    2.21006000E-01 
SP   3    1.000000
   2.09642000E+01    1.14660000E-01   4.02487000E-02 
   4.80331000E+00    9.19999000E-01   2.37594000E-01 
   1.45933000E+00   -3.03068000E-03   8.15854000E-01 
SP   1    1.000000
   4.83456000E-01    1.00000000E+00   1.00000000E+00 
SP   1    1.000000
   1.45585000E-01    1.00000000E+00   1.00000000E+00 
SP   1    1.000000
   4.38000000E-02    1.00000000E+00   1.00000000E+00 
SP   1    1.000000
   1.31927711E-02    1.00000000E+00   1.00000000E+00 
D    1    1.000000
   6.26000000E-01    1.00000000E+00 

11    0
S    3    1.000000
   3.38650000E+01    2.54938000E-02 
   5.09479000E+00    1.90373000E-01 
   1.15879000E+00    8.52161000E-01 
S    1    1.000000
   3.25840000E-01    1.00000000E+00 
S    1    1.000000
   1.02741000E-01    1.00000000E+00 
S    1    1.000000
   3.60000000E-02    1.00000000E+00 
P    1    1.000000
   7.50000000E-01    1.00000000E+00 

12    0
S    3    1.000000
   3.38650000E+01    2.54938000E-02 
   5.09479000E+00    1.90373000E-01 
   1.15879000E+00    8.52161000E-01 
S    1    1.000000
   3.25840000E-01    1.00000000E+00 
S    1    1.000000
   1.02741000E-01    1.00000000E+00 
S    1    1.000000
   3.60000000E-02    1.00000000E+00 
P    1    1.000000
   7.50000000E-01    1.00000000E+00 

13    0
S    3    1.000000
   3.38650000E+01    2.54938000E-02 
   5.09479000E+00    1.90373000E-01 
   1.15879000E+00    8.52161000E-01 
S    1    1.000000
   3.25840000E-01    1.00000000E+00 
S    1    1.000000
   1.02741000E-01    1.00000000E+00 
S    1    1.000000
   3.60000000E-02    1.00000000E+00 
P    1    1.000000
   7.50000000E-01    1.00000000E+00 

14    0
S    3    1.000000
   3.38650000E+01    2.54938000E-02 
   5.09479000E+00    1.90373000E-01 
   1.15879000E+00    8.52161000E-01 
S    1    1.000000
   3.25840000E-01    1.00000000E+00 
S    1    1.000000
   1.02741000E-01    1.00000000E+00 
S    1    1.000000
   3.60000000E-02    1.00000000E+00 
P    1    1.000000
   7.50000000E-01    1.00000000E+00 

15    0
S    3    1.000000
   3.38650000E+01    2.54938000E-02 
   5.09479000E+00    1.90373000E-01 
   1.15879000E+00    8.52161000E-01 
S    1    1.000000
   3.25840000E-01    1.00000000E+00 
S    1    1.000000
   1.02741000E-01    1.00000000E+00 
S    1    1.000000
   3.60000000E-02    1.00000000E+00 
P    1    1.000000
   7.50000000E-01    1.00000000E+00 

[MO]
Sym=X
Ene=0.945352
Spin=Alpha
Occup=1
1    -4.38974049e-06
2    1.58374687e-06
3    -2.00193824e-05
4    -1.74170379e-05
5    -1.92875743e-15
6    -3.20343041e-05
7    5.47893544e-05
8    7.57915701e-05
9    4.22652974e-15
10    -4.74013249e-05
11    5.77969055e-05
12    -0.000146141876
13    -2.00088993e-14
14    -0.000599776446
15    0.000405180522
16    -0.000114469305
17    1.13769064e-13
18    6.39707533e-05
19    0.000189726103
20    -0.000105980053
21    7.54757563e-14
22    -4.11628465e-05
23    -4.96901558e-16
24    4.99480414e-06
25    1.22784067e-16
26    -2.45380286e-05
27    -6.22398574e-06
28    -9.63518219e-07
29    -3.85153975e-06
30    -2.89525783e-05
31    -2.8207547e-15
32    -1.62656536e-05
33    3.06423402e-05
34    7.62616906e-05
35    4.18570483e-15
36    -0.000120274904
37    -0.000147700681
38    5.38818858e-05
39    -1.92373555e-14
40    -0.000125043364
41    -0.000179015407
42    2.54999072e-05
43    9.99535319e-14
44    -0.000303946364
45    -0.0001753606
46    1.98495682e-05
47    1.19826313e-13
48    -1.94654914e-06
49    2.89625426e-16
50    1.3873888e-05
51    1.95888039e-16
52    4.9936813e-05
53    0.000143820306
54    0.000212348271
55    -6.93919684e-05
56    -8.68858581e-05
57    2.50638138e-15
58    -0.000346927703
59    -0.000515709827
60    -0.000365961845
61    -4.66944788e-15
62    -0.000142190103
63    5.85021702e-05
64    4.64231231e-05
65    2.31316734e-14
66    0.000584642417
67    0.000248919018
68    3.72730145e-05
69    -9.86028118e-14
70    0.000703019247
71    -8.56177242e-05
72    0.000117507292
73    -2.72513664e-14
74    -0.000292098024
75    6.55225763e-16
76    0.000105223474
77    -4.99158823e-16
78    -9.75227034e-06
79    -9.25374056e-06
80    -8.83333986e-08
81    2.50198042e-05
82    -2.95323674e-06
83    8.81931788e-16
84    -4.82285909e-05
85    -9.35084678e-05
86    1.43308028e-05
87    5.69345297e-16
88    -0.000101957575
89    -3.36120789e-05
90    0.000152954431
91    -4.2902424e-15
92    -0.000854444434
93    -0.000644782166
94    0.000673434221
95    4.33078534e-14
96    -0.000332401421
97    -0.000320303347
98    0.000436705582
99    -1.33686606e-14
100    -1.32080999e-05
101    -4.19508308e-16
102    5.82173175e-06
103    -3.52251275e-16
104    -2.55576102e-05
105    -7.22350468e-06
106    -1.26773895e-06
107    -1.83260597e-05
108    1.89375958e-05
109    -4.66995895e-16
110    -3.84523277e-05
111    5.74876963e-05
112    -7.41497403e-05
113    2.39726949e-15
114    0.00014522934
115    3.48660757e-05
116    0.000110894989
117    -9.10218866e-15
118    -0.000120820141
119    5.51591885e-05
120    0.000122845693
121    5.14001187e-14
122    1.63009509e-05
123    -0.000140411283
124    3.15889051e-05
125    -1.34062125e-14
126    4.50453783e-05
127    -1.67554941e-17
128    1.13098725e-06
129    -8.16677703e-16
130    3.65306659e-06
131    -3.99646136e-07
132    -3.11625972e-06
133    -1.53858314e-05
134    -5.3446972e-05
135    -0.000120253839
136    -2.07780945e-05
137    -0.000183115546
138    -1.51625106e-06
139    -5.69085742e-06
140    -1.6785444e-15
141    -4.37785271e-05
142    -3.76369368e-06
143    2.6187757e-05
144    2.523265e-15
145    0.000520481628
146    -6.19493086e-05
147    -0.000104839984
148    -1.47861564e-14
149    0.00120270778
150    -0.000467022598
151    -0.000398704686
152    -8.520242e-14
153    0.000933382506
154    -0.000150636556
155    -0.000102112672
156    -9.52049088e-14
157    2.84206444e-05
158    -4.88771753e-17
159    3.7265143e-07
160    3.79522211e-16
161    8.38496803e-07
162    1.41532676e-05
163    0.000109644575
164    0.000546531856
165    0.00187884055
166    0.00442358906
167    0.00165920983
168    0.00601411087
169    -6.60984376e-05
170    0.000132692916
171    -2.02638586e-16
172    -0.000462127006
173    -0.00021749669
174    0.000478001909
175    -4.79784188e-16
176    0.000978473356
177    0.000142773653
178    -0.000550206548
179    5.99047301e-15
180    -7.2674563e-05
181    -0.000229628102
182    -0.000587470565
183    -2.6867413e-13
184    0.000229751065
185    0.000599263184
186    -0.00030739445
187    -2.51306515e-14
188    0.000256148744
189    -1.00083331e-15
190    1.39322015e-05
191    -1.74827282e-16
192    0.000204494393
193    -0.00110900558
194    -0.00858565642
195    -0.0428276545
196    -0.147049381
197    -0.347356896
198    -0.127005256
199    -0.464973393
200    0.00013750725
201    0.000356245724
202    -4.11566435e-16
203    -0.00202932162
204    -5.04578742e-05
205    -0.000313034468
206    3.93787026e-15
207    -0.00182742204
208    4.45887727e-05
209    -0.000189396972
210    -1.83091447e-14
211    -0.00935098566
212    -0.00455296563
213    0.000754444115
214    3.95601164e-13
215    -0.00112066842
216    -0.000310961278
217    0.000298281371
218    -5.38685587e-14
219    9.86496052e-05
220    -8.51835755e-16
221    0.000105774334
222    -5.67017254e-16
223    -5.86765073e-05
224    9.16191693e-06
225    7.09877023e-05
226    0.000353800669
227    0.00121667912
228    0.00286363468
229    0.00109826093
230    0.0039075149
231    0.000120764119
232    -9.58654319e-06
233    -8.28669405e-16
234    -0.000437902088
235    0.000557702297
236    4.31240879e-06
237    1.97584501e-15
238    0.000357936315
239    -0.000537489868
240    0.000119839419
241    4.53015687e-16
242    0.0104258307
243    -0.00298882896
244    -8.48889442e-05
245    -2.88287546e-13
246    -0.000475474851
247    1.68647132e-05
248    -0.000454490204
249    6.68426177e-14
250    -7.85287098e-06
251    -1.66745303e-16
252    3.86938736e-05
253    -1.16671574e-15
254    -0.000320391588
255    -4.28960892e-07
256    -3.33380759e-06
257    -1.65428361e-05
258    -5.70683254e-05
259    -0.000129435266
260    -6.50517672e-06
261    -0.000197792121
262    5.41497951e-06
263    -1.48477103e-05
264    1.63947851e-15
265    -0.000127780849
266    -9.34597318e-05
267    6.43212328e-05
268    -1.0309622e-15
269    0.000577848183
270    0.00023173061
271    0.000102543088
272    6.81312085e-15
273    -0.00130915561
274    -0.000422621962
275    -0.000136479386
276    7.17843926e-15
277    0.000344603637
278    5.31214329e-05
279    2.65062658e-05
280    4.21535037e-14
281    9.03166445e-05
282    2.04064812e-16
283    -1.19537876e-05
284    -4.21048222e-16
285    3.08384086e-07
286    -1.38268874e-05
287    -3.73251598e-05
288    -0.000302432083
289    -0.00075097339
290    -1.77704767e-05
291    1.63271929e-05
292    2.08124655e-16
293    -1.85645969e-05
294    -5.80389243e-05
295    0.000154136934
296    -0.000207527447
297    -3.62310266e-05
298    -7.37486507e-06
299    3.86058804e-16
300    -2.98131141e-06
301    -5.03260658e-05
302    9.6735444e-05
303    0.00038360977
304    7.97720028e-06
305    1.21493089e-05
306    -5.28746615e-16
307    -5.14812107e-06
308    -6.24172116e-06
309    0.00012060434
310    -1.18091419e-05
311    -4.60434593e-06
312    -1.26584248e-05
313    -9.24392595e-17
314    -7.66745898e-06
315    -5.66264291e-05
316    5.6381427e-05
317    0.000225879233
318    1.91683717e-05
319    -3.53770573e-06
320    9.90848237e-16
Sym=X
Ene=0.950328
Spin=Alpha
Occup=1
1    0.000181257248
2    0.000257552413
3    7.68914514e-05
4    -0.000103946512
5    1.16481075e-15
6    -0.000396941653
7    0.000289109448
8    -0.000612427481
9    -2.43805808e-15
10    -0.000225221326
11    -8.15686629e-06
12    0.000179999596
13    1.04405616e-14
14    0.000117461652
15    6.61726404e-05
16    -3.50208481e-05
17    -6.8742323e-14
18    0.000330408303
19    -4.36486198e-05
20    -0.000202090913
21    -3.93125351e-14
22    0.000292097442
23    -2.27819849e-16
24    9.36199184e-05
25    2.42589365e-16
26    9.32232343e-05
27    0.00018988527
28    0.00026469637
29    -0.000135125862
30    3.67813875e-05
31    1.21639413e-15
32    -0.000379708755
33    -0.000651788626
34    5.50527627e-05
35    -1.84654685e-15
36    -0.000413150308
37    0.000148865936
38    0.000143910372
39    7.67449209e-15
40    -0.00040457967
41    -0.000223528518
42    3.346097e-05
43    -5.13171365e-14
44    -0.00059642053
45    -0.000253975843
46    -2.38680575e-05
47    -8.81782392e-14
48    0.000157311252
49    1.20253575e-16
50    9.15310485e-05
51    -4.85172623e-18
52    -0.000260099661
53    2.05590233e-07
54    1.95603674e-07
55    -3.03556128e-07
56    2.20144914e-06
57    -1.40506963e-15
58    1.39054574e-05
59    3.63163794e-06
60    -1.17307345e-05
61    3.96975559e-15
62    -0.000317142127
63    -8.24422156e-05
64    -7.21260667e-05
65    -1.28934213e-14
66    -0.000274556992
67    -7.41882065e-05
68    -6.81330468e-05
69    6.32845761e-14
70    -0.000323329966
71    -2.05662127e-05
72    -1.70683163e-05
73    -4.94307039e-14
74    -2.24924501e-07
75    -6.66614806e-17
76    2.77203742e-06
77    2.40731962e-16
78    -3.72012239e-06
79    1.19374457e-06
80    6.22616595e-06
81    5.0553779e-06
82    3.68138573e-06
83    -7.21792246e-16
84    -4.75685178e-05
85    -4.5213e-05
86    -1.78192804e-05
87    1.71134518e-16
88    0.000327049536
89    0.000179677487
90    7.90327721e-06
91    4.90022436e-15
92    0.000432804402
93    -4.07026355e-05
94    7.84168981e-05
95    -3.10037325e-14
96    0.000366331537
97    8.82095374e-05
98    5.30612963e-05
99    4.89535306e-14
100    -1.4685279e-05
101    4.01627661e-16
102    -1.20460549e-06
103    -2.51292201e-16
104    -1.18828218e-05
105    1.08312864e-06
106    6.76860712e-06
107    -1.42966362e-06
108    6.42914492e-06
109    3.86083274e-16
110    -5.36504779e-05
111    1.55987282e-05
112    -5.18874124e-05
113    -2.17040252e-15
114    0.00036329294
115    -0.000159929054
116    0.000109509835
117    6.48012868e-15
118    0.000347771273
119    -0.000153160764
120    4.91992127e-06
121    -3.63429973e-14
122    0.000186029815
123    -8.86436902e-05
124    -4.77093382e-05
125    3.66947704e-14
126    9.53994308e-06
127    1.77321783e-16
128    -4.32763648e-06
129    -2.27620204e-17
130    1.28292088e-05
131    -0.00110943883
132    -0.00858878011
133    -0.0428451499
134    -0.14709798
135    -0.347507651
136    -0.126609546
137    -0.465375337
138    0.000178871443
139    0.000345537853
140    7.07381351e-16
141    -0.001591667
142    -2.10935254e-05
143    -0.000117344737
144    -1.77960052e-15
145    -0.000683857542
146    0.00041245342
147    0.000684141224
148    8.91801506e-15
149    0.000456610353
150    -0.000377325055
151    -0.000295971842
152    4.6432771e-14
153    0.00125341901
154    -0.000182634502
155    -0.000152708249
156    1.07747672e-13
157    1.14289492e-05
158    -3.73347109e-16
159    0.000191988371
160    -2.52899203e-16
161    -2.43732064e-05
162    -2.66811914e-06
163    -2.06738253e-05
164    -0.000103004406
165    -0.000354075838
166    -0.000829847493
167    -0.000259655957
168    -0.0011398498
169    6.20296733e-06
170    1.92309588e-05
171    3.01292374e-16
172    -0.000114471215
173    -5.18251028e-05
174    -0.000103763415
175    2.09320283e-16
176    0.000555459337
177    0.000862966238
178    0.000404262564
179    -2.00382084e-15
180    -0.00104821356
181    0.000282325026
182    4.58946359e-06
183    1.53070717e-13
184    -0.000408914767
185    0.000294855618
186    -3.5146982e-05
187    -1.08175578e-13
188    -5.49934088e-05
189    1.02658069e-15
190    -3.05447778e-07
191    -1.63282874e-16
192    5.22107143e-05
193    3.88313472e-07
194    2.9729346e-06
195    1.50694147e-05
196    5.08072542e-05
197    0.000128801023
198    8.1634374e-05
199    0.000141181318
200    1.44207168e-05
201    9.33100571e-06
202    4.52129787e-16
203    -7.1397531e-05
204    -8.1629214e-05
205    -4.26790581e-05
206    -1.24411884e-15
207    -5.45427952e-06
208    -0.000220691373
209    -0.000465518818
210    1.04262046e-14
211    0.000244933167
212    -7.32522202e-05
213    0.00012973995
214    -2.34896644e-13
215    -0.000747977136
216    -0.0003163837
217    -0.000296150191
218    2.98318909e-13
219    -1.57299804e-05
220    9.38440163e-16
221    5.88968193e-06
222    4.40417988e-17
223    1.11238564e-06
224    -6.1839909e-07
225    -4.80142315e-06
226    -2.38571213e-05
227    -8.22233636e-05
228    -0.000188858479
229    -3.23503425e-05
230    -0.000277251493
231    1.8253962e-05
232    1.92614823e-05
233    8.9509875e-16
234    -8.61858546e-05
235    -8.8272559e-05
236    -0.000101762748
237    -1.96708521e-15
238    0.000224830091
239    -1.44669566e-05
240    0.000761151754
241    6.90250095e-16
242    -0.000707601384
243    -6.0728518e-05
244    -0.000127019387
245    1.76212093e-13
246    -0.000466693813
247    9.01963564e-05
248    1.71962265e-05
249    -2.05143738e-13
250    -7.7079716e-05
251    1.64376438e-16
252    -2.83001261e-06
253    5.24474454e-16
254    4.07694566e-05
255    8.01179845e-08
256    6.06723221e-07
257    3.12490943e-06
258    1.0344694e-05
259    2.78965553e-05
260    2.30220227e-05
261    2.56332883e-05
262    -3.28453568e-07
263    4.99726772e-06
264    -4.79552204e-16
265    -4.14917219e-05
266    3.06042948e-06
267    -2.62098006e-05
268    1.24935706e-15
269    0.000120279555
270    0.000171037674
271    0.000103350147
272    -4.20438951e-15
273    0.000153367337
274    0.000295793555
275    0.000101272846
276    5.72893017e-15
277    0.000366339299
278    3.24318517e-05
279    0.000133101709
280    -4.97943047e-14
281    -9.49768537e-06
282    -3.30653571e-16
283    -6.48421202e-06
284    3.67026187e-16
285    1.13662797e-05
286    -3.13055394e-06
287    3.276721e-07
288    -4.39236354e-05
289    -0.000102157025
290    -1.1158385e-05
291    2.42439863e-06
292    -9.27051385e-16
293    -5.26445055e-06
294    3.5492165e-05
295    0.000119286123
296    0.000247589362
297    4.07848447e-06
298    -1.65008929e-06
299    -3.51548207e-16
300    -0.00036610778
301    -0.000524990626
302    -0.000190573488
303    0.000679851477
304    0.000184515049
305    0.000255229595
306    1.68803708e-16
307    -1.32978662e-06
308    -4.8069603e-05
309    -2.97327631e-05
310    -0.000177771894
311    -2.91020354e-06
312    -1.60868489e-05
313    8.26338305e-17
314    -3.2174836e-06
315    -1.8094687e-06
316    0.000113951328
317    8.32439966e-06
318    6.57934714e-06
319    -4.27785556e-06
320    -2.18627421e-16
Sym=X
Ene=0.950824
Spin=Alpha
Occup=1
1    -3.83310942e-06
2    1.41154899e-06
3    -1.2836696e-05
4    -2.21161607e-06
5    -3.89771101e-16
6    -4.09466205e-05
7    3.73387109e-05
8    1.95114226e-05
9    2.10847619e-15
10    0.000176659431
11    -7.72501786e-05
12    -4.28526875e-05
13    -6.50001071e-15
14    -3.0553682e-05
15    0.000249652409
16    -7.59212642e-05
17    5.59033481e-14
18    3.69100098e-05
19    0.000110546764
20    0.000204383838
21    5.15839984e-14
22    -1.45388724e-06
23    1.5174507e-16
24    5.71717681e-06
25    -4.50539975e-16
26    -7.12552962e-06
27    0.00017985075
28    0.000247935462
29    6.29060776e-05
30    0.000136245774
31    1.0697894e-16
32    -0.000374043743
33    0.000348947961
34    0.000463256402
35    2.70613884e-15
36    -3.47781726e-05
37    -7.44701526e-05
38    -9.29220693e-05
39    -4.5044919e-15
40    -0.000695637056
41    -0.000389105255
42    0.000285959263
43    4.8795856e-14
44    -0.00129195343
45    -0.000135123772
46    1.34038412e-05
47    4.11847379e-14
48    -0.000231611114
49    -2.10043213e-16
50    7.89483881e-05
51    -1.0280455e-16
52    0.000164573236
53    -3.02704604e-06
54    9.26972149e-06
55    9.03175896e-06
56    2.29255402e-05
57    1.46736431e-15
58    -5.29075604e-05
59    -4.22502949e-05
60    -8.67725331e-05
61    -1.28510273e-15
62    -0.000293112832
63    0.000150978389
64    -0.000131740974
65    1.08041542e-14
66    -0.000770635565
67    -7.45262414e-05
68    -0.000143704247
69    -5.00690474e-14
70    -0.00111926425
71    -0.0007979735
72    -3.38018225e-05
73    -1.32562936e-14
74    -1.88180134e-05
75    5.88648676e-16
76    1.82250308e-05
77    -1.05042709e-16
78    1.99692546e-05
79    0.00014963564
80    0.000232269286
81    -8.98884096e-05
82    -4.52345023e-06
83    1.09677091e-15
84    -0.000433355912
85    -0.000754894048
86    -0.000180440579
87    1.88329667e-15
88    0.000105219322
89    5.69758692e-05
90    0.000112454198
91    1.2239945e-15
92    0.001919113
93    1.26885813e-05
94    0.00110635144
95    1.91382344e-14
96    0.00165927497
97    0.000707808156
98    0.000599035886
99    -2.61116599e-14
100    -0.000172569923
101    -3.18474265e-16
102    0.000101435726
103    2.76989277e-16
104    -0.000313508358
105    4.13886275e-07
106    2.10036897e-06
107    -5.29712528e-06
108    1.10391893e-06
109    -6.24346027e-16
110    -3.33393523e-06
111    2.63619888e-05
112    -1.5915383e-05
113    1.27588143e-15
114    -0.000172786095
115    -2.27539322e-05
116    -4.47541825e-05
117    -5.90191887e-15
118    -0.00029122513
119    -0.000252264017
120    -4.63084391e-05
121    3.15298956e-14
122    0.00104106593
123    -0.000502627302
124    -3.89577237e-05
125    -1.0701572e-14
126    1.27645889e-05
127    1.25186477e-16
128    2.36252765e-06
129    -4.57529231e-17
130    -7.64233187e-06
131    2.53093676e-06
132    1.95478498e-05
133    9.78414312e-05
134    0.000334689538
135    0.000803829841
136    0.000355337753
137    0.00102763484
138    -1.86326985e-05
139    -2.784781e-06
140    -1.04672252e-16
141    -0.000143103419
142    0.000137341015
143    3.35484803e-05
144    3.36983706e-15
145    0.000339403815
146    -0.0001131842
147    3.07149957e-05
148    -7.73291722e-15
149    -0.00039918691
150    -0.00014059371
151    -5.8888479e-05
152    -3.64174285e-14
153    -6.78374903e-05
154    -0.000493953345
155    0.000231460206
156    -6.88615116e-14
157    4.06455017e-05
158    -5.27380103e-17
159    -4.97626946e-06
160    -4.54487246e-16
161    -6.9182611e-05
162    -0.00110922261
163    -0.00858721139
164    -0.0428364473
165    -0.147072474
166    -0.347428445
167    -0.126695204
168    -0.465224163
169    0.00093432142
170    -0.000444521207
171    5.11069621e-16
172    -0.00187062873
173    -0.000811518229
174    0.000396878719
175    3.95424556e-15
176    -0.0016909433
177    0.000636577974
178    0.000157571532
179    6.57228867e-17
180    0.00195141119
181    0.00330462212
182    -0.00110759475
183    -1.20415793e-13
184    0.000705333372
185    0.0008895203
186    -0.000412980767
187    3.76696031e-14
188    1.30148144e-05
189    -5.09819383e-16
190    0.000234613422
191    3.7958488e-16
192    0.000258209561
193    -1.36413781e-05
194    -0.00010547766
195    -0.000526982405
196    -0.00180546289
197    -0.00429489159
198    -0.0015990712
199    -0.00560748441
200    5.02637066e-05
201    -0.000126156926
202    6.17777235e-16
203    -0.000322380648
204    0.0001779246
205    -0.000339435023
206    2.5898204e-15
207    0.000770227968
208    -0.000431189272
209    0.000457104189
210    -2.88323178e-15
211    -0.014239643
212    -0.00717739073
213    -0.00104956739
214    1.95601501e-13
215    -0.000721434784
216    -0.000454867379
217    -0.00131304052
218    -3.59572063e-14
219    0.000155892268
220    1.73420904e-16
221    -3.60321127e-05
222    -4.70657297e-16
223    0.000223564886
224    2.44095106e-07
225    1.82714577e-06
226    9.566496e-06
227    3.11059163e-05
228    9.0291122e-05
229    0.00010304141
230    6.13336236e-05
231    -2.55591845e-05
232    7.73553995e-06
233    -5.06068874e-16
234    -0.00014902484
235    0.000167188323
236    -3.6925086e-05
237    2.11417647e-15
238    0.000209180472
239    -0.000112625109
240    -0.000278324734
241    -4.08291827e-16
242    0.0140300791
243    -0.00335143537
244    8.54716762e-05
245    -1.57788727e-13
246    -1.78156284e-05
247    0.00058830835
248    0.000673017227
249    2.18835798e-14
250    3.79458084e-05
251    1.8922595e-16
252    1.41731073e-05
253    -6.5607544e-16
254    -7.64415661e-05
255    -3.95412541e-06
256    -3.06250441e-05
257    -0.000152678598
258    -0.000524511158
259    -0.00123395634
260    -0.000418011337
261    -0.0016753741
262    -6.60498679e-06
263    1.5927325e-05
264    7.82381585e-16
265    -8.7146883e-05
266    1.39567457e-05
267    -0.000100582436
268    1.83908259e-15
269    0.000649826032
270    0.000252490977
271    6.30396062e-05
272    1.67677116e-15
273    -0.00176124474
274    -0.000755712612
275    0.000158646671
276    9.69006034e-15
277    -3.66022046e-05
278    -0.000239858459
279    0.000523356023
280    8.47041038e-15
281    3.08728822e-06
282    2.2276676e-16
283    -1.4215341e-05
284    3.09554044e-16
285    9.02708236e-05
286    -3.66644474e-05
287    -6.06202909e-05
288    -0.000516380224
289    -0.00014132938
290    -5.44724438e-05
291    5.54718545e-05
292    5.7494389e-16
293    -1.75368501e-05
294    -6.03929692e-05
295    0.000180642387
296    -0.000290139074
297    -2.9093473e-05
298    -1.75456928e-05
299    5.72812644e-16
300    -1.25799396e-05
301    -0.000106024977
302    0.000153837759
303    0.000215444927
304    2.78219104e-05
305    2.77357518e-05
306    1.02689803e-16
307    -1.32996551e-06
308    -1.25917133e-05
309    -4.79104727e-05
310    -0.00039703022
311    -2.2150125e-06
312    -1.18924311e-06
313    -2.36513402e-16
314    -8.20626789e-07
315    2.43034582e-05
316    0.000201046393
317    0.000570659532
318    -7.06963984e-06
319    6.13262726e-07
320    -1.6883917e-16
Sym=X
Ene=0.947279
Spin=Alpha
Occup=1
1    -2.07369295e-08
2    -3.00865955e-07
3    3.107728e-06
4    -2.65041095e-07
5    -3.46091918e-16
6    -9.20826047e-06
7    -1.27305992e-05
8    6.23280207e-07
9    -1.44582557e-15
10    0.000249433622
11    -0.000125884905
12    9.54740766e-06
13    -2.05912119e-15
14    0.000649006568
15    -0.00028955065
16    7.29806624e-05
17    2.20848553e-14
18    0.000581452242
19    -0.000254151274
20    0.000210833541
21    1.28693306e-14
22    1.06913304e-06
23    -2.26914135e-16
24    -2.39201803e-06
25    2.39204961e-16
26    3.44846019e-06
27    -1.58494857e-07
28    -5.44420005e-06
29    6.86258225e-06
30    2.63551526e-06
31    -1.41986466e-15
32    5.1686576e-05
33    -3.92270859e-05
34    -2.27581032e-05
35    -6.12763194e-16
36    -0.000405335289
37    0.000168592162
38    0.0001676857
39    -6.7153148e-15
40    -0.000846637751
41    6.00205467e-05
42    0.000219062143
43    2.9098986e-14
44    -0.000814599422
45    -5.82223505e-05
46    0.000245068225
47    4.75603723e-14
48    7.85048638e-06
49    3.43444931e-16
50    8.37240163e-07
51    -1.88463198e-16
52    -2.76630459e-06
53    -0.000216965177
54    -0.00029048157
55    -0.000144111897
56    0.00010161262
57    5.34071422e-16
58    0.00041842636
59    -0.00048018162
60    0.000242297064
61    -6.8323829e-16
62    -0.000172594889
63    0.000177908493
64    -0.000145806159
65    5.18464281e-15
66    0.000852192579
67    -0.000455942651
68    0.000358781136
69    -3.16155461e-14
70    6.66216481e-06
71    -0.000134449652
72    -0.000102770073
73    4.39638305e-14
74    -0.000251958448
75    1.01724634e-16
76    -6.30589616e-05
77    -5.16261624e-17
78    8.93477327e-05
79    -0.000150190335
80    -0.0002290248
81    -1.73812502e-05
82    -8.50388508e-05
83    -9.76294193e-16
84    0.000375770348
85    -0.000159095288
86    -0.000765794745
87    2.05193253e-15
88    0.000388948102
89    0.000280450064
90    -0.000129963819
91    -7.1067696e-15
92    -0.000384813859
93    1.92877134e-05
94    0.00037883048
95    2.8774626e-14
96    0.000389893621
97    0.000129134288
98    -5.73482005e-05
99    -2.88688083e-14
100    0.000147868772
101    1.07475072e-16
102    -0.000111983293
103    -2.75164965e-17
104    -0.000324188633
105    -1.65863622e-07
106    -1.95829355e-06
107    6.52683783e-07
108    -2.86450771e-06
109    1.40973623e-16
110    1.76849e-05
111    -6.75658155e-06
112    1.60345949e-05
113    1.05752113e-15
114    -0.000197081242
115    -2.39651223e-05
116    -0.00010190063
117    -7.30698349e-16
118    -0.000282149071
119    7.4475176e-05
120    -9.83696427e-05
121    1.10230769e-14
122    -2.63228987e-05
123    0.00022156265
124    -7.57213747e-06
125    -3.15931378e-14
126    -3.88979646e-06
127    -3.32391023e-17
128    1.2425901e-06
129    -3.44162386e-18
130    -4.49773332e-06
131    8.17747567e-08
132    6.44091137e-07
133    3.13296318e-06
134    1.10663322e-05
135    2.32541257e-05
136    -2.98990778e-06
137    4.10918131e-05
138    5.0471006e-06
139    -9.05639909e-07
140    -1.85303839e-15
141    3.66018956e-05
142    -2.82345819e-05
143    5.34967389e-06
144    -6.02570053e-16
145    -0.000269266905
146    0.0001302235
147    0.000153717812
148    -6.24432458e-15
149    -0.000797782605
150    0.000401636799
151    0.000530359087
152    -2.20296536e-14
153    -0.00141625266
154    0.000289657108
155    6.1311911e-05
156    -6.69837612e-14
157    2.17315929e-06
158    -1.15467459e-16
159    8.89277171e-06
160    1.08855508e-16
161    1.24323404e-05
162    -4.01781676e-06
163    -3.10838146e-05
164    -0.000155200968
165    -0.000532346717
166    -0.00126450591
167    -0.000500775309
168    -0.00166358832
169    2.35751311e-05
170    -1.81624717e-06
171    -1.04391107e-15
172    0.000106141976
173    -9.06546795e-05
174    -8.4759369e-06
175    4.80782512e-17
176    -0.000650202551
177    0.000567731324
178    0.000963022162
179    -4.22249942e-15
180    0.00607606984
181    0.00103991108
182    -0.00095744626
183    -9.39423697e-14
184    -0.000380372696
185    0.00037648251
186    0.000437922671
187    8.53235831e-14
188    -5.07990567e-06
189    -6.05887706e-16
190    7.84761492e-06
191    -3.7440482e-16
192    5.14211554e-05
193    -5.13797307e-07
194    -3.97255203e-06
195    -1.98466186e-05
196    -6.80799492e-05
197    -0.000163911857
198    -8.77756625e-05
199    -0.000203038548
200    1.25947863e-05
201    1.47700679e-05
202    -6.68222753e-17
203    7.97689603e-05
204    -0.00010763968
205    -5.28511629e-05
206    -3.90528073e-16
207    0.000804469334
208    0.000416247096
209    0.000461116615
210    -6.79028344e-16
211    0.00235992505
212    0.00472973292
213    -0.00169482523
214    1.1181192e-13
215    0.00105811897
216    -0.000100391716
217    2.97471051e-05
218    -2.29049428e-13
219    5.1250825e-05
220    -3.88267241e-16
221    7.29062345e-06
222    6.62019547e-16
223    -4.09299613e-05
224    6.73896417e-08
225    5.53646865e-07
226    2.52832302e-06
227    9.58583567e-06
228    1.44181692e-05
229    -2.6660202e-05
230    4.67669083e-05
231    6.84854751e-06
232    1.33080512e-06
233    -6.93094763e-16
234    9.64757881e-05
235    -6.58301512e-05
236    -2.0987607e-06
237    1.54380844e-15
238    -0.000594718751
239    0.000426179868
240    -0.000437349153
241    -6.71853844e-15
242    -0.00853488315
243    0.00241041975
244    -0.000207115166
245    -6.05994057e-14
246    0.000606777467
247    -0.000205057622
248    0.000113124271
249    1.60397469e-13
250    7.81144308e-06
251    -4.66268794e-16
252    7.80819109e-07
253    3.2583294e-16
254    2.828755e-05
255    0.00110937143
256    0.00858832129
257    0.0428423652
258    0.147091375
259    0.347480362
260    0.126680469
261    0.465309437
262    0.000110010413
263    0.000813630765
264    7.74065448e-16
265    0.00170503227
266    0.000138006138
267    -0.000664327867
268    -1.10602825e-15
269    0.000773842127
270    0.000682983568
271    0.000566988012
272    4.31549188e-15
273    0.00170229296
274    0.000494601248
275    0.000392345887
276    -1.05305432e-14
277    8.95068601e-05
278    -7.14125305e-05
279    0.000157406076
280    3.31118709e-14
281    -0.000119299861
282    -2.14315871e-16
283    -0.000154467879
284    -9.64364552e-17
285    0.00023962253
286    1.68224785e-05
287    0.000180728653
288    -0.000128917164
289    3.57554955e-05
290    4.54212578e-05
291    -7.38556591e-05
292    -2.73290222e-16
293    0.000347419087
294    0.00044808055
295    0.000290576257
296    9.47484137e-06
297    0.000260010766
298    9.42504975e-05
299    1.57469638e-16
300    4.56913891e-06
301    -1.26063048e-05
302    -0.000166850938
303    -0.000507037961
304    -4.84651496e-07
305    1.30320119e-06
306    -6.12995284e-16
307    -1.07007212e-06
308    -4.55966291e-06
309    -3.79691195e-05
310    3.67201077e-05
311    -3.31061624e-06
312    1.0241514e-06
313    1.50489544e-16
314    -6.33321084e-07
315    4.1032471e-05
316    -5.47540918e-05
317    -0.00031030592
318    -6.74037351e-06
319    -6.448535e-07
320    2.96054879e-16
Sym=X
Ene=0.950589
Spin=Alpha
Occup=1
1    -0.000180751862
2    -0.00025393448
3    -9.27922961e-05
4    -0.000102080805
5    1.61422242e-15
6    0.000412490349
7    -0.000284485962
8    -0.000564961847
9    -4.79356545e-15
10    -0.000136221658
11    0.000202557417
12    0.000122481678
13    1.89342853e-14
14    0.000683586872
15    -0.00058265624
16    3.67911735e-05
17    -1.25131346e-13
18    -7.266407e-05
19    -0.000158684577
20    9.65314758e-05
21    -7.56716682e-14
22    0.000281329184
23    1.15986392e-16
24    -7.43635371e-05
25    9.09353848e-17
26    -8.6154006e-05
27    2.89887465e-06
28    -2.73902242e-06
29    -4.75506278e-06
30    8.7929739e-06
31    2.52223448e-15
32    3.59767823e-05
33    1.23320045e-05
34    -3.51371294e-05
35    -4.57885979e-15
36    -0.000174753947
37    -1.22596767e-06
38    4.55628655e-05
39    1.71892397e-14
40    -0.000561951517
41    7.95720874e-05
42    0.000157164845
43    -1.06944622e-13
44    0.000353012178
45    7.46132845e-06
46    -5.63326353e-06
47    -1.19050253e-13
48    -3.29530531e-06
49    -3.36158407e-16
50    -1.14739156e-05
51    -2.79332147e-18
52    -3.77089332e-06
53    2.80216822e-06
54    -7.10049834e-07
55    -1.83747901e-05
56    1.60097129e-06
57    -1.27954474e-15
58    2.92595467e-05
59    3.95710304e-05
60    7.39528102e-06
61    8.9858513e-15
62    -0.000334899604
63    5.61155455e-05
64    -0.000174399281
65    -2.22975841e-14
66    -0.000387173074
67    9.2036177e-05
68    4.53966414e-06
69    1.14669387e-13
70    -0.00028284681
71    0.000397569567
72    -0.000148874679
73    2.51380041e-14
74    2.26746504e-05
75    2.16924154e-16
76    -2.83154996e-06
77    8.64896049e-16
78    3.47053281e-05
79    -5.98992382e-07
80    -4.70138353e-06
81    -5.16668591e-06
82    1.99332379e-06
83    3.06422617e-16
84    1.36097566e-05
85    3.55775848e-05
86    -1.00862036e-05
87    8.23590839e-16
88    0.000375436679
89    1.81978615e-05
90    -4.18204046e-06
91    7.32370558e-15
92    0.00080639677
93    0.000244247011
94    -0.000140498818
95    -4.35472361e-14
96    0.00043004261
97    3.70897795e-05
98    -0.000368701643
99    3.00805062e-14
100    -1.59339925e-06
101    -7.04017632e-17
102    -4.54437012e-06
103    2.77118716e-16
104    1.05154897e-05
105    -0.00016698846
106    -0.000249313811
107    -5.37891366e-05
108    9.06575433e-05
109    5.97756556e-16
110    0.000438942529
111    -0.00035984069
112    0.000688996502
113    -3.27394311e-15
114    -9.81151739e-05
115    0.000140773508
116    -2.53288375e-05
117    9.62404857e-15
118    -0.00106668738
119    -8.08395647e-05
120    -0.000366267879
121    -5.71715421e-14
122    -0.000524465952
123    0.000374728535
124    -0.000286422826
125    4.40562273e-15
126    -0.000295310753
127    -1.21090638e-16
128    -8.84287112e-05
129    5.28775041e-16
130    -0.000192303563
131    -6.00411701e-07
132    -4.59444774e-06
133    -2.33048316e-05
134    -7.85442181e-05
135    -0.00020055449
136    -0.000138894312
137    -0.000213620173
138    -8.48994069e-06
139    2.92819737e-05
140    1.67784972e-15
141    0.000133935812
142    3.9202865e-05
143    -0.000161251773
144    -5.72036228e-15
145    -0.000197632725
146    -7.28664891e-05
147    0.000121947328
148    1.90439749e-14
149    -4.49505137e-06
150    0.00034515254
151    -8.25274335e-06
152    8.27799193e-14
153    -0.00149934326
154    6.92547964e-05
155    0.000280027008
156    9.76834788e-14
157    -6.93909593e-05
158    6.67043243e-17
159    -2.66814595e-06
160    -1.25515948e-16
161    -5.81727687e-05
162    1.38473984e-07
163    1.12181765e-06
164    5.23713817e-06
165    1.93593548e-05
166    3.22331481e-05
167    -4.63710845e-05
168    9.15602855e-05
169    -2.09932062e-05
170    1.68470931e-05
171    1.53255963e-15
172    0.000139112849
173    0.000109045083
174    -0.000117992769
175    3.49339566e-16
176    -0.000565613378
177    0.000341251757
178    0.00043856341
179    -1.10078101e-15
180    -0.000293650157
181    0.000367714797
182    0.000424093575
183    2.85233972e-13
184    -7.72727394e-05
185    -0.000698121996
186    4.30292906e-05
187    -1.31309582e-14
188    -8.96496768e-05
189    6.0961531e-16
190    -3.63051418e-06
191    -6.56926892e-16
192    -2.36156463e-05
193    8.7084431e-06
194    6.73558178e-05
195    0.000336330731
196    0.00115278037
197    0.00273539392
198    0.000966420677
199    0.00358164334
200    0.000108334538
201    -4.21763531e-06
202    2.2026503e-15
203    0.000398061473
204    0.000505905421
205    -0.000161408783
206    -2.11753695e-15
207    -0.000952432778
208    -0.00188054008
209    0.000179807334
210    2.20416534e-14
211    0.0121394927
212    0.00456760358
213    0.000223466814
214    -4.3011101e-13
215    0.00169686997
216    0.000546088606
217    -0.000279906762
218    9.19533684e-14
219    -4.86329022e-05
220    9.4259281e-16
221    -1.94356845e-05
222    1.86511608e-17
223    0.000264151058
224    0.00110940062
225    0.0085884932
226    0.0428436875
227    0.14709391
228    0.34749903
229    0.126596231
230    0.465345653
231    0.000528128303
232    -0.000370004831
233    1.58469811e-15
234    0.00161962465
235    -0.000440135906
236    0.000391421458
237    -3.18701361e-15
238    0.00285623235
239    -0.000680074508
240    -0.000144767046
241    2.92547176e-15
242    -0.0121554564
243    0.00439348618
244    -0.00140984142
245    3.15560201e-13
246    0.000717286586
247    3.29544689e-06
248    0.000933764219
249    -7.55047617e-14
250    6.59815838e-05
251    9.93266624e-17
252    -0.000268641927
253    9.02574791e-16
254    9.74657519e-05
255    -7.40668385e-08
256    -5.38745629e-07
257    -2.94095325e-06
258    -9.12072106e-06
259    -3.05924023e-05
260    -4.75675717e-05
261    -1.06163735e-05
262    1.45577607e-07
263    2.84854976e-06
264    3.59617098e-16
265    0.000127855319
266    3.18801236e-05
267    -2.16809818e-05
268    3.53966668e-15
269    -0.000235869669
270    -0.000341727168
271    -0.000269993943
272    -4.31224345e-16
273    0.0016266483
274    0.000365139407
275    -7.84262376e-05
276    -1.03365892e-14
277    -0.000783555845
278    -9.89233135e-05
279    -0.000198326663
280    -4.79313879e-14
281    -1.42277259e-05
282    -4.67865966e-16
283    8.84427982e-06
284    1.23944788e-15
285    6.2261386e-06
286    6.0749645e-06
287    -5.83892695e-05
288    1.03278773e-05
289    0.000262489153
290    -4.16517515e-06
291    7.00128991e-06
292    1.09544723e-16
293    1.22265123e-05
294    -9.35102385e-05
295    -0.000203621008
296    8.91194286e-05
297    -8.99790869e-06
298    2.51526883e-07
299    -4.29825642e-17
300    1.3280544e-05
301    7.65296267e-05
302    -0.000114097907
303    -0.000166484477
304    -8.75887768e-06
305    -3.28567962e-05
306    6.40297188e-17
307    2.64616785e-05
308    0.000142841868
309    -0.000140117978
310    -0.000226122766
311    3.60460137e-05
312    8.24699096e-05
313    1.36907805e-16
314    3.28231644e-05
315    3.56856413e-05
316    3.86017117e-05
317    -0.000648292418
318    -7.18930714e-05
319    5.85525682e-06
320    -8.98388948e-16
[5D]