[Molden Format]
[Atoms] (Angs)
  C      1    6     -0.00714236     -1.70213747     -0.00000000
  H      2    1     -2.06882847     -1.44022412      0.00000000
  H      3    1     -0.12337987     -2.77567521      0.00000000
  H      4    1      0.04651892      1.98813947     -0.00000000
  C      5    6     -1.21953563      0.40211669      0.00000000
  O      6    8     -2.25921553      1.03043814      0.00000000
  C      7    6      1.28797806      0.34644937     -0.00000000
  O      8    8      2.31273661      1.00537216     -0.00000000
  N      9    7      0.03446295      0.97739857     -0.00000000
  N     10    7     -1.17287765     -0.98229824      0.00000000
  C     11    6      1.20107039     -1.10433419     -0.00000000
  H     12    1      2.11220096     -1.67699125     -0.00000000
[GTO]
1    0
S    1    1.000000
   4.56324000E+03    1.96665000E-03 
S    1    1.000000
   6.82024000E+02    1.52306000E-02 
S    1    1.000000
   1.54973000E+02    7.61269000E-02 
S    1    1.000000
   4.44553000E+01    2.60801000E-01 
S    1    1.000000
   1.30290000E+01    6.16462000E-01 
S    1    1.000000
   1.82773000E+00    2.21006000E-01 
SP   3    1.000000
   2.09642000E+01    1.14660000E-01   4.02487000E-02 
   4.80331000E+00    9.19999000E-01   2.37594000E-01 
   1.45933000E+00   -3.03068000E-03   8.15854000E-01 
SP   1    1.000000
   4.83456000E-01    1.00000000E+00   1.00000000E+00 
SP   1    1.000000
   1.45585000E-01    1.00000000E+00   1.00000000E+00 
SP   1    1.000000
   4.38000000E-02    1.00000000E+00   1.00000000E+00 
SP   1    1.000000
   1.31927711E-02    1.00000000E+00   1.00000000E+00 
D    1    1.000000
   6.26000000E-01    1.00000000E+00 

2    0
S    3    1.000000
   3.38650000E+01    2.54938000E-02 
   5.09479000E+00    1.90373000E-01 
   1.15879000E+00    8.52161000E-01 
S    1    1.000000
   3.25840000E-01    1.00000000E+00 
S    1    1.000000
   1.02741000E-01    1.00000000E+00 
S    1    1.000000
   3.60000000E-02    1.00000000E+00 
P    1    1.000000
   7.50000000E-01    1.00000000E+00 

3    0
S    3    1.000000
   3.38650000E+01    2.54938000E-02 
   5.09479000E+00    1.90373000E-01 
   1.15879000E+00    8.52161000E-01 
S    1    1.000000
   3.25840000E-01    1.00000000E+00 
S    1    1.000000
   1.02741000E-01    1.00000000E+00 
S    1    1.000000
   3.60000000E-02    1.00000000E+00 
P    1    1.000000
   7.50000000E-01    1.00000000E+00 

4    0
S    3    1.000000
   3.38650000E+01    2.54938000E-02 
   5.09479000E+00    1.90373000E-01 
   1.15879000E+00    8.52161000E-01 
S    1    1.000000
   3.25840000E-01    1.00000000E+00 
S    1    1.000000
   1.02741000E-01    1.00000000E+00 
S    1    1.000000
   3.60000000E-02    1.00000000E+00 
P    1    1.000000
   7.50000000E-01    1.00000000E+00 

5    0
S    1    1.000000
   4.56324000E+03    1.96665000E-03 
S    1    1.000000
   6.82024000E+02    1.52306000E-02 
S    1    1.000000
   1.54973000E+02    7.61269000E-02 
S    1    1.000000
   4.44553000E+01    2.60801000E-01 
S    1    1.000000
   1.30290000E+01    6.16462000E-01 
S    1    1.000000
   1.82773000E+00    2.21006000E-01 
SP   3    1.000000
   2.09642000E+01    1.14660000E-01   4.02487000E-02 
   4.80331000E+00    9.19999000E-01   2.37594000E-01 
   1.45933000E+00   -3.03068000E-03   8.15854000E-01 
SP   1    1.000000
   4.83456000E-01    1.00000000E+00   1.00000000E+00 
SP   1    1.000000
   1.45585000E-01    1.00000000E+00   1.00000000E+00 
SP   1    1.000000
   4.38000000E-02    1.00000000E+00   1.00000000E+00 
SP   1    1.000000
   1.31927711E-02    1.00000000E+00   1.00000000E+00 
D    1    1.000000
   6.26000000E-01    1.00000000E+00 

6    0
S    1    1.000000
   8.58850000E+03    1.89515000E-03 
S    1    1.000000
   1.29723000E+03    1.43859000E-02 
S    1    1.000000
   2.99296000E+02    7.07320000E-02 
S    1    1.000000
   8.73771000E+01    2.40001000E-01 
S    1    1.000000
   2.56789000E+01    5.94797000E-01 
S    1    1.000000
   3.74004000E+00    2.80802000E-01 
SP   3    1.000000
   4.21175000E+01    1.13889000E-01   3.65114000E-02 
   9.62837000E+00    9.20811000E-01   2.37153000E-01 
   2.85332000E+00   -3.27447000E-03   8.19702000E-01 
SP   1    1.000000
   9.05661000E-01    1.00000000E+00   1.00000000E+00 
SP   1    1.000000
   2.55611000E-01    1.00000000E+00   1.00000000E+00 
SP   1    1.000000
   8.45000000E-02    1.00000000E+00   1.00000000E+00 
SP   1    1.000000
   2.54518072E-02    1.00000000E+00   1.00000000E+00 
D    1    1.000000
   1.29200000E+00    1.00000000E+00 

7    0
S    1    1.000000
   4.56324000E+03    1.96665000E-03 
S    1    1.000000
   6.82024000E+02    1.52306000E-02 
S    1    1.000000
   1.54973000E+02    7.61269000E-02 
S    1    1.000000
   4.44553000E+01    2.60801000E-01 
S    1    1.000000
   1.30290000E+01    6.16462000E-01 
S    1    1.000000
   1.82773000E+00    2.21006000E-01 
SP   3    1.000000
   2.09642000E+01    1.14660000E-01   4.02487000E-02 
   4.80331000E+00    9.19999000E-01   2.37594000E-01 
   1.45933000E+00   -3.03068000E-03   8.15854000E-01 
SP   1    1.000000
   4.83456000E-01    1.00000000E+00   1.00000000E+00 
SP   1    1.000000
   1.45585000E-01    1.00000000E+00   1.00000000E+00 
SP   1    1.000000
   4.38000000E-02    1.00000000E+00   1.00000000E+00 
SP   1    1.000000
   1.31927711E-02    1.00000000E+00   1.00000000E+00 
D    1    1.000000
   6.26000000E-01    1.00000000E+00 

8    0
S    1    1.000000
   8.58850000E+03    1.89515000E-03 
S    1    1.000000
   1.29723000E+03    1.43859000E-02 
S    1    1.000000
   2.99296000E+02    7.07320000E-02 
S    1    1.000000
   8.73771000E+01    2.40001000E-01 
S    1    1.000000
   2.56789000E+01    5.94797000E-01 
S    1    1.000000
   3.74004000E+00    2.80802000E-01 
SP   3    1.000000
   4.21175000E+01    1.13889000E-01   3.65114000E-02 
   9.62837000E+00    9.20811000E-01   2.37153000E-01 
   2.85332000E+00   -3.27447000E-03   8.19702000E-01 
SP   1    1.000000
   9.05661000E-01    1.00000000E+00   1.00000000E+00 
SP   1    1.000000
   2.55611000E-01    1.00000000E+00   1.00000000E+00 
SP   1    1.000000
   8.45000000E-02    1.00000000E+00   1.00000000E+00 
SP   1    1.000000
   2.54518072E-02    1.00000000E+00   1.00000000E+00 
D    1    1.000000
   1.29200000E+00    1.00000000E+00 

9    0
S    1    1.000000
   6.29348000E+03    1.96979000E-03 
S    1    1.000000
   9.49044000E+02    1.49613000E-02 
S    1    1.000000
   2.18776000E+02    7.35006000E-02 
S    1    1.000000
   6.36916000E+01    2.48937000E-01 
S    1    1.000000
   1.88282000E+01    6.02460000E-01 
S    1    1.000000
   2.72023000E+00    2.56202000E-01 
SP   3    1.000000
   3.06331000E+01    1.11906000E-01   3.83119000E-02 
   7.02614000E+00    9.21666000E-01   2.37403000E-01 
   2.11205000E+00   -2.56919000E-03   8.17592000E-01 
SP   1    1.000000
   6.84009000E-01    1.00000000E+00   1.00000000E+00 
SP   1    1.000000
   2.00878000E-01    1.00000000E+00   1.00000000E+00 
SP   1    1.000000
   6.39000000E-02    1.00000000E+00   1.00000000E+00 
SP   1    1.000000
   1.92469880E-02    1.00000000E+00   1.00000000E+00 
D    1    1.000000
   9.13000000E-01    1.00000000E+00 

10    0
S    1    1.000000
   6.29348000E+03    1.96979000E-03 
S    1    1.000000
   9.49044000E+02    1.49613000E-02 
S    1    1.000000
   2.18776000E+02    7.35006000E-02 
S    1    1.000000
   6.36916000E+01    2.48937000E-01 
S    1    1.000000
   1.88282000E+01    6.02460000E-01 
S    1    1.000000
   2.72023000E+00    2.56202000E-01 
SP   3    1.000000
   3.06331000E+01    1.11906000E-01   3.83119000E-02 
   7.02614000E+00    9.21666000E-01   2.37403000E-01 
   2.11205000E+00   -2.56919000E-03   8.17592000E-01 
SP   1    1.000000
   6.84009000E-01    1.00000000E+00   1.00000000E+00 
SP   1    1.000000
   2.00878000E-01    1.00000000E+00   1.00000000E+00 
SP   1    1.000000
   6.39000000E-02    1.00000000E+00   1.00000000E+00 
SP   1    1.000000
   1.92469880E-02    1.00000000E+00   1.00000000E+00 
D    1    1.000000
   9.13000000E-01    1.00000000E+00 

11    0
S    1    1.000000
   4.56324000E+03    1.96665000E-03 
S    1    1.000000
   6.82024000E+02    1.52306000E-02 
S    1    1.000000
   1.54973000E+02    7.61269000E-02 
S    1    1.000000
   4.44553000E+01    2.60801000E-01 
S    1    1.000000
   1.30290000E+01    6.16462000E-01 
S    1    1.000000
   1.82773000E+00    2.21006000E-01 
SP   3    1.000000
   2.09642000E+01    1.14660000E-01   4.02487000E-02 
   4.80331000E+00    9.19999000E-01   2.37594000E-01 
   1.45933000E+00   -3.03068000E-03   8.15854000E-01 
SP   1    1.000000
   4.83456000E-01    1.00000000E+00   1.00000000E+00 
SP   1    1.000000
   1.45585000E-01    1.00000000E+00   1.00000000E+00 
SP   1    1.000000
   4.38000000E-02    1.00000000E+00   1.00000000E+00 
SP   1    1.000000
   1.31927711E-02    1.00000000E+00   1.00000000E+00 
D    1    1.000000
   6.26000000E-01    1.00000000E+00 

12    0
S    3    1.000000
   3.38650000E+01    2.54938000E-02 
   5.09479000E+00    1.90373000E-01 
   1.15879000E+00    8.52161000E-01 
S    1    1.000000
   3.25840000E-01    1.00000000E+00 
S    1    1.000000
   1.02741000E-01    1.00000000E+00 
S    1    1.000000
   3.60000000E-02    1.00000000E+00 
P    1    1.000000
   7.50000000E-01    1.00000000E+00 

[MO]
Sym=X
Ene=0.95533
Spin=Alpha
Occup=1
1    -2.96408701e-08
2    -2.21854214e-07
3    -1.10017943e-06
4    -3.39885644e-06
5    -5.81526705e-06
6    3.97971314e-05
7    2.68983112e-06
8    4.10798016e-05
9    -2.82182672e-05
10    -5.82782516e-16
11    -0.000232163006
12    0.000342088908
13    -0.000198075438
14    -2.23773229e-15
15    0.000289891795
16    -0.000150275092
17    2.5985019e-05
18    -1.01478555e-15
19    0.00201428978
20    0.000120524377
21    0.00120806094
22    -1.58895821e-14
23    -0.000158918147
24    -0.000160600784
25    0.000365944554
26    -9.95829323e-14
27    0.00021137642
28    2.94455906e-16
29    1.783508e-06
30    -1.06850958e-16
31    -7.66323981e-05
32    -0.000231727248
33    -4.57127232e-05
34    -0.000413069724
35    -0.000331414012
36    -7.8006449e-05
37    -3.23212202e-05
38    -4.45800772e-16
39    -1.21029569e-05
40    -0.000133089328
41    0.000167615852
42    0.000846345776
43    1.76224547e-05
44    -6.33545242e-05
45    -6.87736852e-16
46    -5.49732593e-06
47    1.06370523e-05
48    0.000212255222
49    0.000308366235
50    5.06885105e-07
51    -2.94327492e-07
52    1.17589582e-15
53    -2.07887008e-08
54    -1.75020286e-07
55    -7.07835797e-07
56    -2.72387399e-06
57    -4.00978139e-08
58    5.05866759e-05
59    -9.75812987e-07
60    -1.04957986e-06
61    5.29787287e-05
62    9.61603624e-16
63    -0.000282093885
64    -2.08195625e-05
65    0.000324140079
66    5.0016618e-15
67    0.000250908022
68    -6.18672731e-05
69    -9.7601809e-05
70    -7.882545e-16
71    0.000708178218
72    0.00040031315
73    -0.000291126174
74    -2.62550488e-14
75    0.000955838998
76    0.000328932778
77    0.000126322132
78    3.7661133e-14
79    4.04006832e-05
80    9.22335919e-16
81    1.29795852e-05
82    -4.12978234e-16
83    0.000191376001
84    -7.2525529e-09
85    -7.23163953e-08
86    -2.33870564e-07
87    -1.25906086e-06
88    1.27682632e-06
89    1.37213775e-05
90    -1.45210391e-05
91    4.1848225e-06
92    -1.6852939e-05
93    8.76794552e-16
94    -1.77215471e-05
95    -2.39292981e-05
96    2.81796647e-05
97    3.91022369e-15
98    -7.47849393e-05
99    -4.0076533e-06
100    1.19676493e-05
101    -1.95443583e-15
102    8.12804058e-05
103    -1.33679741e-05
104    1.65608664e-05
105    1.72092146e-14
106    0.000755029892
107    9.07430595e-05
108    -3.43868026e-05
109    -2.40150195e-14
110    1.89915556e-05
111    -1.80815075e-16
112    5.24778524e-06
113    4.66425852e-16
114    1.31385526e-05
115    1.01750681e-09
116    -7.91645295e-09
117    7.41909781e-08
118    -1.92931259e-07
119    3.4577259e-06
120    1.57481286e-05
121    -8.92342342e-06
122    -5.82872599e-06
123    -6.96179211e-06
124    9.95495697e-16
125    -2.17769328e-05
126    2.3388549e-05
127    3.53079374e-05
128    1.86968928e-15
129    -0.000240656946
130    -5.35676096e-05
131    -5.55385578e-05
132    5.98744121e-16
133    -0.00127263334
134    0.00047813987
135    0.00020245269
136    -1.41542824e-14
137    4.37648836e-05
138    0.000463992655
139    -0.000171827347
140    -9.10450181e-14
141    1.96358425e-06
142    8.58173047e-16
143    7.40917405e-06
144    5.55847881e-17
145    6.03662148e-06
146    7.2666872e-10
147    -1.41413825e-09
148    4.30314655e-08
149    -4.28316894e-08
150    1.65274019e-06
151    6.30337781e-06
152    -3.69534189e-06
153    -1.31422684e-06
154    -7.84959376e-07
155    9.1009966e-16
156    -1.39434729e-05
157    6.93372149e-06
158    4.97657046e-06
159    1.18671003e-15
160    4.33187134e-05
161    -2.38266978e-05
162    -1.63831395e-05
163    1.91992512e-15
164    0.000223979508
165    -0.00010019182
166    -4.30172429e-05
167    3.94064256e-15
168    -0.000153240935
169    -3.49213435e-05
170    -6.34235747e-05
171    1.81572301e-15
172    -1.08649405e-06
173    -1.19370157e-16
174    -6.3759704e-07
175    -5.14029648e-16
176    -6.63463444e-07
177    -5.41707656e-07
178    -4.16745149e-06
179    -2.01143461e-05
180    -6.94701512e-05
181    -0.000157589001
182    -3.48779521e-05
183    -0.00025595925
184    -1.59931143e-05
185    -1.30681201e-05
186    1.33572034e-15
187    -5.32230181e-05
188    5.34173474e-05
189    3.77202663e-05
190    2.49985585e-15
191    1.8782769e-05
192    -7.31665983e-06
193    -8.36457171e-05
194    2.96955419e-15
195    0.00047721567
196    -5.54016038e-05
197    -0.000478794233
198    1.60382765e-14
199    0.000446937327
200    0.000382326262
201    -0.000228251076
202    2.84777463e-14
203    -2.24434508e-05
204    -3.77944899e-18
205    7.22359967e-06
206    -1.35706528e-16
207    -9.74396965e-06
208    -0.00109720618
209    -0.00835412037
210    -0.040933271
211    -0.138942627
212    -0.335942489
213    -0.144078771
214    -0.467458363
215    -0.000318431529
216    -0.00011689907
217    -7.05897804e-16
218    -0.00428286298
219    0.000198672902
220    4.58858244e-05
221    1.3112777e-15
222    0.000379895085
223    -9.91321025e-05
224    -1.38581164e-05
225    -3.67646608e-15
226    -0.00235600683
227    -0.000967139781
228    -0.000501754173
229    1.86777574e-14
230    -0.0017267096
231    -0.000414052814
232    -0.000223418035
233    2.78405438e-14
234    -3.67442815e-05
235    4.57454713e-16
236    -2.01317138e-05
237    -1.16301836e-16
238    -2.56856662e-05
239    2.14024454e-09
240    -3.55506483e-08
241    1.97917036e-07
242    -7.90797748e-07
243    1.11782669e-05
244    5.45574792e-05
245    -3.0408211e-05
246    -1.895414e-05
247    -4.46303192e-06
248    1.81690047e-16
249    -0.000124157092
250    0.000122272525
251    4.05395991e-05
252    -3.07095149e-15
253    0.000156400138
254    -0.00013168051
255    3.85739665e-05
256    3.30974013e-15
257    -0.000928688917
258    0.000132343326
259    -0.000106395296
260    2.1209377e-15
261    -0.000440894545
262    -0.000375812
263    -0.000599039179
264    1.21376418e-13
265    -2.20886848e-05
266    1.04293127e-15
267    9.8712739e-06
268    4.534879e-16
269    -5.84498467e-05
270    -4.95519319e-06
271    1.16576106e-06
272    7.18961338e-05
273    -3.3239875e-05
274    9.31400159e-06
275    4.81114163e-06
276    -5.2828251e-16
Sym=X
Ene=0.959024
Spin=Alpha
Occup=1
1    -1.37543209e-09
2    1.49688763e-08
3    -1.1030105e-07
4    3.50200961e-07
5    -5.44864254e-06
6    -2.49983871e-05
7    1.40965191e-05
8    -2.05426534e-06
9    -7.78047916e-06
10    -1.82332454e-15
11    4.76043964e-05
12    2.40227436e-05
13    4.06575145e-05
14    -1.50738901e-15
15    0.000133224311
16    -6.00952894e-05
17    4.49691955e-05
18    -2.11350579e-15
19    0.00100231446
20    -0.000120294884
21    0.000763696365
22    1.40230169e-14
23    2.73574039e-05
24    -0.000386905244
25    0.000274173016
26    5.50951181e-14
27    9.17095292e-06
28    3.59675124e-16
29    -7.53765407e-06
30    -1.39608578e-16
31    5.23088472e-06
32    5.55291133e-06
33    -3.48750567e-05
34    -0.000179238456
35    -0.000343497528
36    -2.83182977e-06
37    -3.31603549e-06
38    -4.14240775e-16
39    3.41699868e-06
40    -8.73677049e-07
41    4.43331423e-05
42    0.000633613087
43    2.53818319e-06
44    1.79223809e-06
45    -1.01030443e-15
46    0.000240167453
47    0.000100597267
48    0.000320468365
49    0.000257730696
50    9.19397178e-07
51    -0.000107314444
52    2.02197418e-15
53    2.18566966e-08
54    1.68559253e-07
55    7.84300054e-07
56    2.58136757e-06
57    3.66008889e-06
58    -3.06592399e-05
59    -7.25430404e-06
60    5.74120395e-05
61    2.94022235e-05
62    1.28765473e-15
63    0.000251638987
64    0.000223169168
65    9.24070387e-05
66    -3.073446e-16
67    -0.000230432045
68    -8.15061079e-06
69    2.61766554e-05
70    5.29995113e-15
71    -0.00137952004
72    -0.000455795141
73    0.000210272138
74    3.19925077e-14
75    -0.000928703063
76    -4.39450031e-05
77    0.000408447147
78    -9.07351968e-15
79    8.50508971e-05
80    6.94284294e-16
81    -3.58619763e-06
82    8.57350368e-16
83    0.000121528972
84    7.17502114e-09
85    6.24835009e-08
86    2.52032686e-07
87    1.06986402e-06
88    6.14927966e-07
89    -5.31633155e-06
90    9.0016806e-06
91    -1.37290429e-05
92    -5.04743262e-06
93    6.16908615e-16
94    2.34609917e-06
95    2.05657165e-05
96    -1.31395185e-06
97    -1.3305975e-16
98    5.01812137e-05
99    3.9654582e-06
100    -6.5954277e-06
101    3.59293335e-15
102    -7.41435167e-05
103    5.46245786e-06
104    -3.49517403e-06
105    -1.07361156e-14
106    -0.000118947015
107    6.98282817e-05
108    3.34781985e-05
109    7.58886984e-15
110    4.04482299e-06
111    -1.80870469e-16
112    -4.39595362e-06
113    3.47257188e-16
114    1.80799893e-05
115    2.23308309e-08
116    2.07501973e-07
117    7.24070646e-07
118    3.39580814e-06
119    -2.68459708e-06
120    -6.07168207e-05
121    1.19011967e-05
122    -3.36125379e-05
123    2.38597303e-05
124    2.87381846e-15
125    0.000266334696
126    -0.000311935783
127    0.000172925885
128    6.07578575e-15
129    -0.000258022088
130    0.000207745729
131    -0.000183991632
132    6.43063419e-15
133    -0.0014413962
134    0.000800394475
135    0.00047367307
136    2.54436807e-14
137    0.000181739173
138    0.000326853942
139    -9.14351311e-05
140    4.82337602e-14
141    -0.000165402835
142    1.05088349e-15
143    -1.09132464e-05
144    4.70416756e-17
145    0.000140317147
146    6.4283599e-09
147    7.50884512e-08
148    1.82424219e-07
149    1.32845366e-06
150    -3.43901108e-06
151    -2.23941637e-05
152    1.95605612e-05
153    1.95130826e-05
154    -2.00930365e-06
155    2.40644531e-15
156    3.62439977e-05
157    -4.85906784e-05
158    -1.97705128e-05
159    4.44930347e-15
160    4.97660105e-05
161    1.05831262e-05
162    2.47084414e-05
163    5.23540276e-15
164    -0.000221944296
165    -3.48010083e-05
166    1.17242463e-05
167    3.19252745e-15
168    -0.00113238169
169    0.000157109699
170    4.02884197e-05
171    -3.15598742e-15
172    5.94426834e-06
173    -2.72254643e-16
174    -4.70605697e-06
175    -9.16199729e-16
176    2.23142443e-05
177    0.00109718531
178    0.00835401993
179    0.0409324038
180    0.138943185
181    0.335939747
182    0.14410815
183    0.467414502
184    0.00031414241
185    -0.000293990507
186    2.6523114e-15
187    0.00434388081
188    -0.000204470453
189    0.000137087973
190    2.63507317e-15
191    -0.000319452378
192    0.000195098716
193    -0.000139116137
194    7.09687884e-15
195    0.00227343715
196    -9.12243999e-05
197    -0.000901628812
198    -1.62801461e-14
199    0.00192511974
200    0.000451809856
201    -0.00046606852
202    -2.85013383e-14
203    2.89130084e-05
204    -1.34212016e-16
205    2.68576391e-05
206    2.09699719e-18
207    1.96528077e-06
208    -5.52873529e-07
209    -4.17228128e-06
210    -2.07082944e-05
211    -6.92534274e-05
212    -0.000176461511
213    -0.000103939882
214    -0.000213548963
215    -4.48604482e-06
216    -1.71072989e-05
217    -1.49230549e-15
218    4.1376863e-05
219    9.91861839e-06
220    4.79317569e-05
221    -5.20264183e-16
222    -4.03460717e-07
223    -0.000124984704
224    -1.69941423e-05
225    -3.44057633e-15
226    -0.000420160279
227    -0.000427997074
228    -0.000100843623
229    -1.58061105e-14
230    -0.000512122777
231    -0.000425790522
232    0.000188802257
233    -3.47098754e-14
234    4.12703144e-06
235    2.50507831e-16
236    -6.43114437e-06
237    -3.37923137e-16
238    -1.87761467e-05
239    -1.21430506e-09
240    3.28100596e-08
241    -1.39654361e-07
242    7.17637439e-07
243    -8.73754695e-06
244    -4.09020237e-05
245    2.46016219e-05
246    -2.00419382e-07
247    -2.08805678e-05
248    -3.80535558e-16
249    8.33282683e-05
250    1.14151424e-05
251    0.000108862375
252    1.45291379e-15
253    -0.000214728083
254    5.71623369e-05
255    -0.000189408063
256    -2.43274987e-15
257    0.000483123069
258    3.98218748e-05
259    -6.51147999e-05
260    -1.11581174e-14
261    0.000350354011
262    -0.000291877942
263    -0.000500106914
264    -6.99894943e-14
265    -1.07405367e-05
266    8.03567148e-16
267    1.29788625e-06
268    5.78278308e-16
269    -5.37289768e-05
270    7.61185426e-06
271    7.03112044e-06
272    -0.000101680759
273    -8.60983417e-05
274    -3.05862473e-06
275    1.21483091e-05
276    3.78848378e-17
Sym=X
Ene=0.010861
Spin=Alpha
Occup=1
1    1.32518412e-09
2    -1.53453973e-08
3    1.08437047e-07
4    -3.55971486e-07
5    5.43886158e-06
6    2.50662119e-05
7    -1.40921404e-05
8    2.1239263e-06
9    7.73264255e-06
10    1.82233775e-15
11    -4.79990627e-05
12    -2.34423948e-05
13    -4.09936909e-05
14    1.50360412e-15
15    -0.000132721347
16    5.984216e-05
17    -4.49195126e-05
18    2.11183394e-15
19    -0.000998892541
20    0.000120492778
21    -0.000761630047
22    -1.40500372e-14
23    -2.7634529e-05
24    0.000386630895
25    -0.000273554847
26    -5.52639947e-14
27    -8.81258497e-06
28    -3.59175006e-16
29    7.54061347e-06
30    1.39440906e-16
31    -5.36064583e-06
32    -5.94603502e-06
33    3.47971307e-05
34    0.000178537655
35    0.0003429315
36    2.69947214e-06
37    3.26123543e-06
38    4.13478914e-16
39    -3.43748267e-06
40    6.48118096e-07
41    -4.40452694e-05
42    -0.000632165638
43    -2.50837863e-06
44    -1.89962484e-06
45    1.00913802e-15
46    -0.000240176538
47    -0.000100580341
48    -0.000320107448
49    -0.000257210624
50    -9.18532341e-07
51    0.000107314022
52    -2.01998159e-15
53    -2.18918496e-08
54    -1.68854877e-07
55    -7.85496946e-07
56    -2.58595905e-06
57    -3.66007978e-06
58    3.07460321e-05
59    7.25272227e-06
60    -5.7413538e-05
61    -2.93124906e-05
62    -1.28604484e-15
63    -0.000252120884
64    -0.000223200212
65    -9.18592874e-05
66    3.15767347e-16
67    0.000230869271
68    8.04708854e-06
69    -2.63406992e-05
70    -5.30131373e-15
71    0.00138075479
72    0.000456467765
73    -0.000210751222
74    -3.20370745e-14
75    0.000930330868
76    4.45064365e-05
77    -0.00040822782
78    9.13746076e-15
79    -8.49801914e-05
80    -6.92722572e-16
81    3.60877974e-06
82    -8.58033393e-16
83    -0.000121205196
84    -1.53079012e-08
85    -1.24380179e-07
86    -5.55327231e-07
87    -2.10284202e-06
88    -3.16416009e-06
89    4.13000248e-06
90    -1.26928111e-05
91    1.37230967e-05
92    5.02634257e-06
93    -6.15447085e-16
94    -2.41433164e-06
95    -2.06001466e-05
96    1.35818665e-06
97    1.39650908e-16
98    -5.03026322e-05
99    -3.9752797e-06
100    6.61735238e-06
101    -3.59630378e-15
102    7.42626233e-05
103    -5.48569883e-06
104    3.52305283e-06
105    1.0765228e-14
106    0.000120199441
107    -6.96807844e-05
108    -3.35321263e-05
109    -7.62963847e-15
110    -4.01334288e-06
111    1.80566798e-16
112    4.40553166e-06
113    -3.46473676e-16
114    -1.80572684e-05
115    -2.23289098e-08
116    -2.07513247e-07
117    -7.23937977e-07
118    -3.39608255e-06
119    2.69069306e-06
120    6.07462594e-05
121    -1.19165271e-05
122    3.36023569e-05
123    -2.38717153e-05
124    -2.87210029e-15
125    -0.000266380494
126    0.000311965763
127    -0.000172872049
128    -6.07254898e-15
129    0.000257621084
130    -0.000207841502
131    0.000183892326
132    -6.42956467e-15
133    0.00143927884
134    -0.000799548333
135    -0.000473317181
136    -2.54676483e-14
137    -0.000181662531
138    -0.00032606083
139    9.11328612e-05
140    -4.83881462e-14
141    0.000165400551
142    -1.04942778e-15
143    1.09274581e-05
144    -4.69346369e-17
145    -0.000140309173
146    -2.16574485e-08
147    -1.90948425e-07
148    -7.50429691e-07
149    -3.26176184e-06
150    -1.34285354e-06
151    2.01219001e-05
152    -2.64379914e-05
153    -1.94907215e-05
154    2.02346329e-06
155    -2.40488503e-15
156    -3.63517603e-05
157    4.85906596e-05
158    1.97715767e-05
159    -4.44723975e-15
160    -4.96694572e-05
161    -1.06228436e-05
162    -2.47357421e-05
163    -5.23209979e-15
164    0.000222285048
165    3.4633874e-05
166    -1.17949907e-05
167    -3.18573986e-15
168    0.00113204669
169    -0.000157154767
170    -4.0390413e-05
171    3.15910502e-15
172    -5.93985785e-06
173    2.72049264e-16
174    4.70668509e-06
175    9.15321492e-16
176    -2.23122131e-05
177    -0.00109718467
178    -0.00835401518
179    -0.04093238
180    -0.138943107
181    -0.335939539
182    -0.144108004
183    -0.467414275
184    -0.000314168863
185    0.000293967909
186    -2.65003905e-15
187    -0.00434396543
188    0.00020455987
189    -0.000137023561
190    -2.6308417e-15
191    0.000319479002
192    -0.000195108591
193    0.000138978081
194    -7.09183503e-15
195    -0.0022726291
196    9.11373101e-05
197    0.000900814377
198    1.63073769e-14
199    -0.0019243172
200    -0.00045113854
201    0.000465681768
202    2.85496609e-14
203    -2.89508186e-05
204    1.34209852e-16
205    -2.68451513e-05
206    -2.311727e-18
207    -1.98277531e-06
208    -1.30825254e-06
209    -9.99832032e-06
210    -4.87243962e-05
211    -0.000166426757
212    -0.000393377843
213    -0.000140452173
214    -0.000579373247
215    3.94583112e-06
216    1.69090939e-05
217    1.49108481e-15
218    -4.86419927e-05
219    -9.58144781e-06
220    -4.78542307e-05
221    5.22496078e-16
222    1.0458512e-06
223    0.000124814445
224    1.69702125e-05
225    3.43424748e-15
226    0.000416151157
227    0.000426352239
228    9.99919634e-05
229    1.58378438e-14
230    0.000509210065
231    0.000425080355
232    -0.000189172896
233    3.47571297e-14
234    -4.18911377e-06
235    -2.49736451e-16
236    6.39700215e-06
237    3.37732235e-16
238    1.87327724e-05
239    1.21792383e-09
240    -3.28706552e-08
241    1.39990048e-07
242    -7.18984565e-07
243    8.75654439e-06
244    4.09947717e-05
245    -2.46533376e-05
246    1.6840512e-07
247    2.08733081e-05
248    3.80864618e-16
249    -8.35388028e-05
250    -1.12079323e-05
251    -0.000108795368
252    -1.45808038e-15
253    0.000214981966
254    -5.73774589e-05
255    0.000189471452
256    2.43841693e-15
257    -0.000484700623
258    -3.9612618e-05
259    6.49260049e-05
260    1.11618389e-14
261    -0.000351112014
262    0.000291236201
263    0.00049909049
264    7.01953749e-14
265    1.07021326e-05
266    -8.01786815e-16
267    -1.28106566e-06
268    -5.7750226e-16
269    5.36306571e-05
270    -7.62030736e-06
271    -7.03134634e-06
272    0.000101801611
273    8.60546373e-05
274    3.07487187e-06
275    -1.21403923e-05
276    -3.87654662e-17
Sym=X
Ene=0.032807
Spin=Alpha
Occup=1
1    -2.9465647e-08
2    -2.22356608e-07
3    -1.08942166e-06
4    -3.41523182e-06
5    -5.40905929e-06
6    4.14893141e-05
7    1.67078284e-06
8    4.11213082e-05
9    -2.75868442e-05
10    -4.50360351e-16
11    -0.000234982023
12    0.00033948169
13    -0.000200483596
14    -2.1237273e-15
15    0.000279578633
16    -0.000145572668
17    2.26896706e-05
18    -8.60397249e-16
19    0.00193714446
20    0.000128850814
21    0.00115011772
22    -1.68552911e-14
23    -0.000160470082
24    -0.00013240597
25    0.000345314498
26    -1.03282666e-13
27    0.00021017271
28    2.67873709e-16
29    2.32008699e-06
30    -9.65503812e-17
31    -7.68102586e-05
32    -0.000231528162
33    -4.30907284e-05
34    -0.000399134897
35    -0.000305896762
36    -7.76019027e-05
37    -3.19997084e-05
38    -4.14906932e-16
39    -1.23170787e-05
40    -0.00013268316
41    0.00016400074
42    0.000798673346
43    1.73947679e-05
44    -6.33197468e-05
45    -6.13421087e-16
46    -2.27267685e-05
47    3.38699644e-06
48    0.000188699065
49    0.0002890657
50    4.39521537e-07
51    7.41140193e-06
52    1.02769287e-15
53    -2.23042988e-08
54    -1.86670417e-07
55    -7.62319683e-07
56    -2.90216925e-06
57    -3.02743174e-07
58    5.26580674e-05
59    -4.52391422e-07
60    -5.16879917e-06
61    5.07309271e-05
62    8.66675633e-16
63    -0.000299435586
64    -3.67867547e-05
65    0.000316667823
66    5.01083273e-15
67    0.00026680934
68    -6.11252151e-05
69    -9.92278423e-05
70    -1.16673489e-15
71    0.000805407425
72    0.000431991081
73    -0.000305463844
74    -2.84841964e-14
75    0.0010200439
76    0.000331238461
77    9.6668822e-05
78    3.82159332e-14
79    3.41911742e-05
80    8.7011144e-16
81    1.32039885e-05
82    -4.73467116e-16
83    0.000182156102
84    -1.2759402e-08
85    -1.14730684e-07
86    -4.38250995e-07
87    -1.96865819e-06
88    -3.44831048e-07
89    1.3321365e-05
90    -1.73921245e-05
91    5.15169953e-06
92    -1.64424425e-05
93    8.30240907e-16
94    -1.7867814e-05
95    -2.53403389e-05
96    2.81991256e-05
97    3.90969117e-15
98    -7.81921377e-05
99    -4.28417109e-06
100    1.24115169e-05
101    -2.20735957e-15
102    8.6377656e-05
103    -1.37268641e-05
104    1.67699366e-05
105    1.79356728e-14
106    0.000761582669
107    8.54881663e-05
108    -3.66983122e-05
109    -2.44981267e-14
110    1.8651711e-05
111    -1.67362932e-16
112    5.55030225e-06
113    4.40290509e-16
114    1.18068058e-05
115    -5.88439615e-10
116    -2.27944538e-08
117    2.20124604e-08
118    -4.36250475e-07
119    3.64154784e-06
120    2.00666959e-05
121    -9.7548922e-06
122    -3.40036203e-06
123    -8.65690643e-06
124    7.86604258e-16
125    -4.08425404e-05
126    4.57253935e-05
127    2.28015178e-05
128    1.4286323e-15
129    -0.000221511489
130    -6.83461401e-05
131    -4.21855414e-05
132    1.35554939e-16
133    -0.00116585307
134    0.000419430605
135    0.000167918277
136    -1.59445007e-14
137    3.06056343e-05
138    0.000439326686
139    -0.00016481694
140    -9.4274001e-14
141    1.38345235e-05
142    7.8050932e-16
143    8.17349346e-06
144    5.20651986e-17
145    -4.05332713e-06
146    1.37492577e-09
147    1.65483159e-09
148    7.12873906e-08
149    3.00656798e-09
150    2.24463347e-06
151    8.06163158e-06
152    -4.58870142e-06
153    -2.71364374e-06
154    -6.3980009e-07
155    7.34975167e-16
156    -1.6503679e-05
157    1.0405446e-05
158    6.38375862e-06
159    8.6420642e-16
160    3.96326943e-05
161    -2.45254484e-05
162    -1.81150691e-05
163    1.53909574e-15
164    0.000239342284
165    -9.74351166e-05
166    -4.37486074e-05
167    3.70121855e-15
168    -7.15237929e-05
169    -4.6114621e-05
170    -6.61534395e-05
171    2.03777498e-15
172    -1.51092572e-06
173    -9.95149556e-17
174    -2.98197721e-07
175    -4.46922599e-16
176    -2.26410096e-06
177    -7.93162834e-05
178    -0.000603960623
179    -0.00295893698
180    -0.010045167
181    -0.0242770648
182    -0.0103814993
183    -0.0338148373
184    -3.85068366e-05
185    8.07360096e-06
186    1.14184945e-15
187    -0.00036496889
188    6.79605396e-05
189    2.77802713e-05
190    2.30422442e-15
191    4.16706576e-05
192    -2.13057397e-05
193    -7.34418453e-05
194    2.45235383e-15
195    0.000312755019
196    -4.87091357e-05
197    -0.000412824724
198    1.71657714e-14
199    0.000307569156
200    0.000348886043
201    -0.000194199079
202    3.04505463e-14
203    -2.44614971e-05
204    5.86572806e-18
205    5.27664409e-06
206    -1.35505172e-16
207    -9.8600431e-06
208    -0.00109433591
209    -0.00833226887
210    -0.0408261846
211    -0.138579211
212    -0.335063156
213    -0.143699614
214    -0.466237083
215    -0.000317287993
216    -0.000115369147
217    -5.96929617e-16
218    -0.00427478507
219    0.000197448347
220    4.23257737e-05
221    1.34524874e-15
222    0.000378944271
223    -8.99025457e-05
224    -1.26020408e-05
225    -3.41991642e-15
226    -0.00231976205
227    -0.0009339146
228    -0.000493219162
229    1.97643168e-14
230    -0.00168547654
231    -0.000382415129
232    -0.000236393814
233    3.02610292e-14
234    -3.69457051e-05
235    4.38289744e-16
236    -1.96180119e-05
237    -9.17383941e-17
238    -2.42711935e-05
239    2.22190863e-09
240    -3.7814616e-08
241    2.07433367e-07
242    -8.40282268e-07
243    1.17767666e-05
244    5.73534121e-05
245    -3.20961062e-05
246    -1.88908694e-05
247    -2.95235469e-06
248    2.08546377e-16
249    -0.000129819611
250    0.00012113759
251    3.26190207e-05
252    -3.16733612e-15
253    0.000171413263
254    -0.000135444753
255    5.20733029e-05
256    3.4758929e-15
257    -0.000960997472
258    0.000129147944
259    -0.000101447432
260    2.91643215e-15
261    -0.000464910413
262    -0.000353885239
263    -0.000561585488
264    1.26089526e-13
265    -2.12605139e-05
266    9.82547083e-16
267    9.75260918e-06
268    4.10797093e-16
269    -5.44414788e-05
270    -5.48892668e-06
271    6.57956374e-07
272    7.90109184e-05
273    -2.69737903e-05
274    9.50956474e-06
275    3.92650789e-06
276    -5.29635636e-16
Sym=X
Ene=0.0
Spin=Alpha
Occup=1
1    0.0
2    0.0
3    0.0
4    0.0
5    0.0
6    0.0
7    0.0
8    0.0
9    0.0
10    0.0
11    0.0
12    0.0
13    0.0
14    0.0
15    0.0
16    0.0
17    0.0
18    0.0
19    0.0
20    0.0
21    0.0
22    0.0
23    0.0
24    0.0
25    0.0
26    0.0
27    0.0
28    0.0
29    0.0
30    0.0
31    0.0
32    0.0
33    0.0
34    0.0
35    0.0
36    0.0
37    0.0
38    0.0
39    0.0
40    0.0
41    0.0
42    0.0
43    0.0
44    0.0
45    0.0
46    0.0
47    0.0
48    0.0
49    0.0
50    0.0
51    0.0
52    0.0
53    0.0
54    0.0
55    0.0
56    0.0
57    0.0
58    0.0
59    0.0
60    0.0
61    0.0
62    0.0
63    0.0
64    0.0
65    0.0
66    0.0
67    0.0
68    0.0
69    0.0
70    0.0
71    0.0
72    0.0
73    0.0
74    0.0
75    0.0
76    0.0
77    0.0
78    0.0
79    0.0
80    0.0
81    0.0
82    0.0
83    0.0
84    0.0
85    0.0
86    0.0
87    0.0
88    0.0
89    0.0
90    0.0
91    0.0
92    0.0
93    0.0
94    0.0
95    0.0
96    0.0
97    0.0
98    0.0
99    0.0
100    0.0
101    0.0
102    0.0
103    0.0
104    0.0
105    0.0
106    0.0
107    0.0
108    0.0
109    0.0
110    0.0
111    0.0
112    0.0
113    0.0
114    0.0
115    0.0
116    0.0
117    0.0
118    0.0
119    0.0
120    0.0
121    0.0
122    0.0
123    0.0
124    0.0
125    0.0
126    0.0
127    0.0
128    0.0
129    0.0
130    0.0
131    0.0
132    0.0
133    0.0
134    0.0
135    0.0
136    0.0
137    0.0
138    0.0
139    0.0
140    0.0
141    0.0
142    0.0
143    0.0
144    0.0
145    0.0
146    0.0
147    0.0
148    0.0
149    0.0
150    0.0
151    0.0
152    0.0
153    0.0
154    0.0
155    0.0
156    0.0
157    0.0
158    0.0
159    0.0
160    0.0
161    0.0
162    0.0
163    0.0
164    0.0
165    0.0
166    0.0
167    0.0
168    0.0
169    0.0
170    0.0
171    0.0
172    0.0
173    0.0
174    0.0
175    0.0
176    0.0
177    0.0
178    0.0
179    0.0
180    0.0
181    0.0
182    0.0
183    0.0
184    0.0
185    0.0
186    0.0
187    0.0
188    0.0
189    0.0
190    0.0
191    0.0
192    0.0
193    0.0
194    0.0
195    0.0
196    0.0
197    0.0
198    0.0
199    0.0
200    0.0
201    0.0
202    0.0
203    0.0
204    0.0
205    0.0
206    0.0
207    0.0
208    0.0
209    0.0
210    0.0
211    0.0
212    0.0
213    0.0
214    0.0
215    0.0
216    0.0
217    0.0
218    0.0
219    0.0
220    0.0
221    0.0
222    0.0
223    0.0
224    0.0
225    0.0
226    0.0
227    0.0
228    0.0
229    0.0
230    0.0
231    0.0
232    0.0
233    0.0
234    0.0
235    0.0
236    0.0
237    0.0
238    0.0
239    0.0
240    0.0
241    0.0
242    0.0
243    0.0
244    0.0
245    0.0
246    0.0
247    0.0
248    0.0
249    0.0
250    0.0
251    0.0
252    0.0
253    0.0
254    0.0
255    0.0
256    0.0
257    0.0
258    0.0
259    0.0
260    0.0
261    0.0
262    0.0
263    0.0
264    0.0
265    0.0
266    0.0
267    0.0
268    0.0
269    0.0
270    0.0
271    0.0
272    0.0
273    0.0
274    0.0
275    0.0
276    0.0
Sym=X
Ene=0.0
Spin=Alpha
Occup=1
1    0.0
2    0.0
3    0.0
4    0.0
5    0.0
6    0.0
7    0.0
8    0.0
9    0.0
10    0.0
11    0.0
12    0.0
13    0.0
14    0.0
15    0.0
16    0.0
17    0.0
18    0.0
19    0.0
20    0.0
21    0.0
22    0.0
23    0.0
24    0.0
25    0.0
26    0.0
27    0.0
28    0.0
29    0.0
30    0.0
31    0.0
32    0.0
33    0.0
34    0.0
35    0.0
36    0.0
37    0.0
38    0.0
39    0.0
40    0.0
41    0.0
42    0.0
43    0.0
44    0.0
45    0.0
46    0.0
47    0.0
48    0.0
49    0.0
50    0.0
51    0.0
52    0.0
53    0.0
54    0.0
55    0.0
56    0.0
57    0.0
58    0.0
59    0.0
60    0.0
61    0.0
62    0.0
63    0.0
64    0.0
65    0.0
66    0.0
67    0.0
68    0.0
69    0.0
70    0.0
71    0.0
72    0.0
73    0.0
74    0.0
75    0.0
76    0.0
77    0.0
78    0.0
79    0.0
80    0.0
81    0.0
82    0.0
83    0.0
84    0.0
85    0.0
86    0.0
87    0.0
88    0.0
89    0.0
90    0.0
91    0.0
92    0.0
93    0.0
94    0.0
95    0.0
96    0.0
97    0.0
98    0.0
99    0.0
100    0.0
101    0.0
102    0.0
103    0.0
104    0.0
105    0.0
106    0.0
107    0.0
108    0.0
109    0.0
110    0.0
111    0.0
112    0.0
113    0.0
114    0.0
115    0.0
116    0.0
117    0.0
118    0.0
119    0.0
120    0.0
121    0.0
122    0.0
123    0.0
124    0.0
125    0.0
126    0.0
127    0.0
128    0.0
129    0.0
130    0.0
131    0.0
132    0.0
133    0.0
134    0.0
135    0.0
136    0.0
137    0.0
138    0.0
139    0.0
140    0.0
141    0.0
142    0.0
143    0.0
144    0.0
145    0.0
146    0.0
147    0.0
148    0.0
149    0.0
150    0.0
151    0.0
152    0.0
153    0.0
154    0.0
155    0.0
156    0.0
157    0.0
158    0.0
159    0.0
160    0.0
161    0.0
162    0.0
163    0.0
164    0.0
165    0.0
166    0.0
167    0.0
168    0.0
169    0.0
170    0.0
171    0.0
172    0.0
173    0.0
174    0.0
175    0.0
176    0.0
177    0.0
178    0.0
179    0.0
180    0.0
181    0.0
182    0.0
183    0.0
184    0.0
185    0.0
186    0.0
187    0.0
188    0.0
189    0.0
190    0.0
191    0.0
192    0.0
193    0.0
194    0.0
195    0.0
196    0.0
197    0.0
198    0.0
199    0.0
200    0.0
201    0.0
202    0.0
203    0.0
204    0.0
205    0.0
206    0.0
207    0.0
208    0.0
209    0.0
210    0.0
211    0.0
212    0.0
213    0.0
214    0.0
215    0.0
216    0.0
217    0.0
218    0.0
219    0.0
220    0.0
221    0.0
222    0.0
223    0.0
224    0.0
225    0.0
226    0.0
227    0.0
228    0.0
229    0.0
230    0.0
231    0.0
232    0.0
233    0.0
234    0.0
235    0.0
236    0.0
237    0.0
238    0.0
239    0.0
240    0.0
241    0.0
242    0.0
243    0.0
244    0.0
245    0.0
246    0.0
247    0.0
248    0.0
249    0.0
250    0.0
251    0.0
252    0.0
253    0.0
254    0.0
255    0.0
256    0.0
257    0.0
258    0.0
259    0.0
260    0.0
261    0.0
262    0.0
263    0.0
264    0.0
265    0.0
266    0.0
267    0.0
268    0.0
269    0.0
270    0.0
271    0.0
272    0.0
273    0.0
274    0.0
275    0.0
276    0.0
Sym=X
Ene=0.0
Spin=Alpha
Occup=1
1    0.0
2    0.0
3    0.0
4    0.0
5    0.0
6    0.0
7    0.0
8    0.0
9    0.0
10    0.0
11    0.0
12    0.0
13    0.0
14    0.0
15    0.0
16    0.0
17    0.0
18    0.0
19    0.0
20    0.0
21    0.0
22    0.0
23    0.0
24    0.0
25    0.0
26    0.0
27    0.0
28    0.0
29    0.0
30    0.0
31    0.0
32    0.0
33    0.0
34    0.0
35    0.0
36    0.0
37    0.0
38    0.0
39    0.0
40    0.0
41    0.0
42    0.0
43    0.0
44    0.0
45    0.0
46    0.0
47    0.0
48    0.0
49    0.0
50    0.0
51    0.0
52    0.0
53    0.0
54    0.0
55    0.0
56    0.0
57    0.0
58    0.0
59    0.0
60    0.0
61    0.0
62    0.0
63    0.0
64    0.0
65    0.0
66    0.0
67    0.0
68    0.0
69    0.0
70    0.0
71    0.0
72    0.0
73    0.0
74    0.0
75    0.0
76    0.0
77    0.0
78    0.0
79    0.0
80    0.0
81    0.0
82    0.0
83    0.0
84    0.0
85    0.0
86    0.0
87    0.0
88    0.0
89    0.0
90    0.0
91    0.0
92    0.0
93    0.0
94    0.0
95    0.0
96    0.0
97    0.0
98    0.0
99    0.0
100    0.0
101    0.0
102    0.0
103    0.0
104    0.0
105    0.0
106    0.0
107    0.0
108    0.0
109    0.0
110    0.0
111    0.0
112    0.0
113    0.0
114    0.0
115    0.0
116    0.0
117    0.0
118    0.0
119    0.0
120    0.0
121    0.0
122    0.0
123    0.0
124    0.0
125    0.0
126    0.0
127    0.0
128    0.0
129    0.0
130    0.0
131    0.0
132    0.0
133    0.0
134    0.0
135    0.0
136    0.0
137    0.0
138    0.0
139    0.0
140    0.0
141    0.0
142    0.0
143    0.0
144    0.0
145    0.0
146    0.0
147    0.0
148    0.0
149    0.0
150    0.0
151    0.0
152    0.0
153    0.0
154    0.0
155    0.0
156    0.0
157    0.0
158    0.0
159    0.0
160    0.0
161    0.0
162    0.0
163    0.0
164    0.0
165    0.0
166    0.0
167    0.0
168    0.0
169    0.0
170    0.0
171    0.0
172    0.0
173    0.0
174    0.0
175    0.0
176    0.0
177    0.0
178    0.0
179    0.0
180    0.0
181    0.0
182    0.0
183    0.0
184    0.0
185    0.0
186    0.0
187    0.0
188    0.0
189    0.0
190    0.0
191    0.0
192    0.0
193    0.0
194    0.0
195    0.0
196    0.0
197    0.0
198    0.0
199    0.0
200    0.0
201    0.0
202    0.0
203    0.0
204    0.0
205    0.0
206    0.0
207    0.0
208    0.0
209    0.0
210    0.0
211    0.0
212    0.0
213    0.0
214    0.0
215    0.0
216    0.0
217    0.0
218    0.0
219    0.0
220    0.0
221    0.0
222    0.0
223    0.0
224    0.0
225    0.0
226    0.0
227    0.0
228    0.0
229    0.0
230    0.0
231    0.0
232    0.0
233    0.0
234    0.0
235    0.0
236    0.0
237    0.0
238    0.0
239    0.0
240    0.0
241    0.0
242    0.0
243    0.0
244    0.0
245    0.0
246    0.0
247    0.0
248    0.0
249    0.0
250    0.0
251    0.0
252    0.0
253    0.0
254    0.0
255    0.0
256    0.0
257    0.0
258    0.0
259    0.0
260    0.0
261    0.0
262    0.0
263    0.0
264    0.0
265    0.0
266    0.0
267    0.0
268    0.0
269    0.0
270    0.0
271    0.0
272    0.0
273    0.0
274    0.0
275    0.0
276    0.0
Sym=X
Ene=0.0
Spin=Alpha
Occup=1
1    0.0
2    0.0
3    0.0
4    0.0
5    0.0
6    0.0
7    0.0
8    0.0
9    0.0
10    0.0
11    0.0
12    0.0
13    0.0
14    0.0
15    0.0
16    0.0
17    0.0
18    0.0
19    0.0
20    0.0
21    0.0
22    0.0
23    0.0
24    0.0
25    0.0
26    0.0
27    0.0
28    0.0
29    0.0
30    0.0
31    0.0
32    0.0
33    0.0
34    0.0
35    0.0
36    0.0
37    0.0
38    0.0
39    0.0
40    0.0
41    0.0
42    0.0
43    0.0
44    0.0
45    0.0
46    0.0
47    0.0
48    0.0
49    0.0
50    0.0
51    0.0
52    0.0
53    0.0
54    0.0
55    0.0
56    0.0
57    0.0
58    0.0
59    0.0
60    0.0
61    0.0
62    0.0
63    0.0
64    0.0
65    0.0
66    0.0
67    0.0
68    0.0
69    0.0
70    0.0
71    0.0
72    0.0
73    0.0
74    0.0
75    0.0
76    0.0
77    0.0
78    0.0
79    0.0
80    0.0
81    0.0
82    0.0
83    0.0
84    0.0
85    0.0
86    0.0
87    0.0
88    0.0
89    0.0
90    0.0
91    0.0
92    0.0
93    0.0
94    0.0
95    0.0
96    0.0
97    0.0
98    0.0
99    0.0
100    0.0
101    0.0
102    0.0
103    0.0
104    0.0
105    0.0
106    0.0
107    0.0
108    0.0
109    0.0
110    0.0
111    0.0
112    0.0
113    0.0
114    0.0
115    0.0
116    0.0
117    0.0
118    0.0
119    0.0
120    0.0
121    0.0
122    0.0
123    0.0
124    0.0
125    0.0
126    0.0
127    0.0
128    0.0
129    0.0
130    0.0
131    0.0
132    0.0
133    0.0
134    0.0
135    0.0
136    0.0
137    0.0
138    0.0
139    0.0
140    0.0
141    0.0
142    0.0
143    0.0
144    0.0
145    0.0
146    0.0
147    0.0
148    0.0
149    0.0
150    0.0
151    0.0
152    0.0
153    0.0
154    0.0
155    0.0
156    0.0
157    0.0
158    0.0
159    0.0
160    0.0
161    0.0
162    0.0
163    0.0
164    0.0
165    0.0
166    0.0
167    0.0
168    0.0
169    0.0
170    0.0
171    0.0
172    0.0
173    0.0
174    0.0
175    0.0
176    0.0
177    0.0
178    0.0
179    0.0
180    0.0
181    0.0
182    0.0
183    0.0
184    0.0
185    0.0
186    0.0
187    0.0
188    0.0
189    0.0
190    0.0
191    0.0
192    0.0
193    0.0
194    0.0
195    0.0
196    0.0
197    0.0
198    0.0
199    0.0
200    0.0
201    0.0
202    0.0
203    0.0
204    0.0
205    0.0
206    0.0
207    0.0
208    0.0
209    0.0
210    0.0
211    0.0
212    0.0
213    0.0
214    0.0
215    0.0
216    0.0
217    0.0
218    0.0
219    0.0
220    0.0
221    0.0
222    0.0
223    0.0
224    0.0
225    0.0
226    0.0
227    0.0
228    0.0
229    0.0
230    0.0
231    0.0
232    0.0
233    0.0
234    0.0
235    0.0
236    0.0
237    0.0
238    0.0
239    0.0
240    0.0
241    0.0
242    0.0
243    0.0
244    0.0
245    0.0
246    0.0
247    0.0
248    0.0
249    0.0
250    0.0
251    0.0
252    0.0
253    0.0
254    0.0
255    0.0
256    0.0
257    0.0
258    0.0
259    0.0
260    0.0
261    0.0
262    0.0
263    0.0
264    0.0
265    0.0
266    0.0
267    0.0
268    0.0
269    0.0
270    0.0
271    0.0
272    0.0
273    0.0
274    0.0
275    0.0
276    0.0
[5D]