[Molden Format]
[Atoms] (Angs)
  N      1    7      1.94018933      0.52508494      0.00000000
  N      2    7     -0.02213269      1.91541175      0.00000000
  N      3    7     -1.17840874     -1.47034963     -0.00000000
  N      4    7     -2.06912523      0.58482266      0.00000000
  N      5    7      1.87296022     -1.79117643     -0.00000000
  C      6    6      1.29026180      1.69525713      0.00000000
  C      7    6     -0.70757697      0.77138093      0.00000000
  C      8    6     -0.17789318     -0.51725539     -0.00000000
  C      9    6      1.22552274     -0.60755281     -0.00000000
  C     10    6     -2.28299045     -0.77446763     -0.00000000
  H     11    1     -2.76356369      1.31172362      0.00000000
  H     12    1     -3.27766143     -1.18864608     -0.00000000
  H     13    1      1.92065024      2.57638112      0.00000000
  H     14    1      1.35622854     -2.65035184     -0.00000000
  H     15    1      2.87602238     -1.79983315     -0.00000000
[GTO]
1    0
S    1    1.000000
   6.29348000E+03    1.96979000E-03 
S    1    1.000000
   9.49044000E+02    1.49613000E-02 
S    1    1.000000
   2.18776000E+02    7.35006000E-02 
S    1    1.000000
   6.36916000E+01    2.48937000E-01 
S    1    1.000000
   1.88282000E+01    6.02460000E-01 
S    1    1.000000
   2.72023000E+00    2.56202000E-01 
SP   3    1.000000
   3.06331000E+01    1.11906000E-01   3.83119000E-02 
   7.02614000E+00    9.21666000E-01   2.37403000E-01 
   2.11205000E+00   -2.56919000E-03   8.17592000E-01 
SP   1    1.000000
   6.84009000E-01    1.00000000E+00   1.00000000E+00 
SP   1    1.000000
   2.00878000E-01    1.00000000E+00   1.00000000E+00 
SP   1    1.000000
   6.39000000E-02    1.00000000E+00   1.00000000E+00 
SP   1    1.000000
   1.92469880E-02    1.00000000E+00   1.00000000E+00 
D    1    1.000000
   9.13000000E-01    1.00000000E+00 

2    0
S    1    1.000000
   6.29348000E+03    1.96979000E-03 
S    1    1.000000
   9.49044000E+02    1.49613000E-02 
S    1    1.000000
   2.18776000E+02    7.35006000E-02 
S    1    1.000000
   6.36916000E+01    2.48937000E-01 
S    1    1.000000
   1.88282000E+01    6.02460000E-01 
S    1    1.000000
   2.72023000E+00    2.56202000E-01 
SP   3    1.000000
   3.06331000E+01    1.11906000E-01   3.83119000E-02 
   7.02614000E+00    9.21666000E-01   2.37403000E-01 
   2.11205000E+00   -2.56919000E-03   8.17592000E-01 
SP   1    1.000000
   6.84009000E-01    1.00000000E+00   1.00000000E+00 
SP   1    1.000000
   2.00878000E-01    1.00000000E+00   1.00000000E+00 
SP   1    1.000000
   6.39000000E-02    1.00000000E+00   1.00000000E+00 
SP   1    1.000000
   1.92469880E-02    1.00000000E+00   1.00000000E+00 
D    1    1.000000
   9.13000000E-01    1.00000000E+00 

3    0
S    1    1.000000
   6.29348000E+03    1.96979000E-03 
S    1    1.000000
   9.49044000E+02    1.49613000E-02 
S    1    1.000000
   2.18776000E+02    7.35006000E-02 
S    1    1.000000
   6.36916000E+01    2.48937000E-01 
S    1    1.000000
   1.88282000E+01    6.02460000E-01 
S    1    1.000000
   2.72023000E+00    2.56202000E-01 
SP   3    1.000000
   3.06331000E+01    1.11906000E-01   3.83119000E-02 
   7.02614000E+00    9.21666000E-01   2.37403000E-01 
   2.11205000E+00   -2.56919000E-03   8.17592000E-01 
SP   1    1.000000
   6.84009000E-01    1.00000000E+00   1.00000000E+00 
SP   1    1.000000
   2.00878000E-01    1.00000000E+00   1.00000000E+00 
SP   1    1.000000
   6.39000000E-02    1.00000000E+00   1.00000000E+00 
SP   1    1.000000
   1.92469880E-02    1.00000000E+00   1.00000000E+00 
D    1    1.000000
   9.13000000E-01    1.00000000E+00 

4    0
S    1    1.000000
   6.29348000E+03    1.96979000E-03 
S    1    1.000000
   9.49044000E+02    1.49613000E-02 
S    1    1.000000
   2.18776000E+02    7.35006000E-02 
S    1    1.000000
   6.36916000E+01    2.48937000E-01 
S    1    1.000000
   1.88282000E+01    6.02460000E-01 
S    1    1.000000
   2.72023000E+00    2.56202000E-01 
SP   3    1.000000
   3.06331000E+01    1.11906000E-01   3.83119000E-02 
   7.02614000E+00    9.21666000E-01   2.37403000E-01 
   2.11205000E+00   -2.56919000E-03   8.17592000E-01 
SP   1    1.000000
   6.84009000E-01    1.00000000E+00   1.00000000E+00 
SP   1    1.000000
   2.00878000E-01    1.00000000E+00   1.00000000E+00 
SP   1    1.000000
   6.39000000E-02    1.00000000E+00   1.00000000E+00 
SP   1    1.000000
   1.92469880E-02    1.00000000E+00   1.00000000E+00 
D    1    1.000000
   9.13000000E-01    1.00000000E+00 

5    0
S    1    1.000000
   6.29348000E+03    1.96979000E-03 
S    1    1.000000
   9.49044000E+02    1.49613000E-02 
S    1    1.000000
   2.18776000E+02    7.35006000E-02 
S    1    1.000000
   6.36916000E+01    2.48937000E-01 
S    1    1.000000
   1.88282000E+01    6.02460000E-01 
S    1    1.000000
   2.72023000E+00    2.56202000E-01 
SP   3    1.000000
   3.06331000E+01    1.11906000E-01   3.83119000E-02 
   7.02614000E+00    9.21666000E-01   2.37403000E-01 
   2.11205000E+00   -2.56919000E-03   8.17592000E-01 
SP   1    1.000000
   6.84009000E-01    1.00000000E+00   1.00000000E+00 
SP   1    1.000000
   2.00878000E-01    1.00000000E+00   1.00000000E+00 
SP   1    1.000000
   6.39000000E-02    1.00000000E+00   1.00000000E+00 
SP   1    1.000000
   1.92469880E-02    1.00000000E+00   1.00000000E+00 
D    1    1.000000
   9.13000000E-01    1.00000000E+00 

6    0
S    6    1.000000
   4.56324000E+03    1.96665000E-03 
   6.82024000E+02    1.52306000E-02 
   1.54973000E+02    7.61269000E-02 
   4.44553000E+01    2.60801000E-01 
   1.30290000E+01    6.16462000E-01 
   1.82773000E+00    2.21006000E-01 
SP   3    1.000000
   2.09642000E+01    1.14660000E-01   4.02487000E-02 
   4.80331000E+00    9.19999000E-01   2.37594000E-01 
   1.45933000E+00   -3.03068000E-03   8.15854000E-01 
SP   1    1.000000
   4.83456000E-01    1.00000000E+00   1.00000000E+00 
SP   1    1.000000
   1.45585000E-01    1.00000000E+00   1.00000000E+00 
SP   1    1.000000
   4.38000000E-02    1.00000000E+00   1.00000000E+00 
SP   1    1.000000
   1.31927711E-02    1.00000000E+00   1.00000000E+00 
D    1    1.000000
   6.26000000E-01    1.00000000E+00 

7    0
S    6    1.000000
   4.56324000E+03    1.96665000E-03 
   6.82024000E+02    1.52306000E-02 
   1.54973000E+02    7.61269000E-02 
   4.44553000E+01    2.60801000E-01 
   1.30290000E+01    6.16462000E-01 
   1.82773000E+00    2.21006000E-01 
SP   3    1.000000
   2.09642000E+01    1.14660000E-01   4.02487000E-02 
   4.80331000E+00    9.19999000E-01   2.37594000E-01 
   1.45933000E+00   -3.03068000E-03   8.15854000E-01 
SP   1    1.000000
   4.83456000E-01    1.00000000E+00   1.00000000E+00 
SP   1    1.000000
   1.45585000E-01    1.00000000E+00   1.00000000E+00 
SP   1    1.000000
   4.38000000E-02    1.00000000E+00   1.00000000E+00 
SP   1    1.000000
   1.31927711E-02    1.00000000E+00   1.00000000E+00 
D    1    1.000000
   6.26000000E-01    1.00000000E+00 

8    0
S    6    1.000000
   4.56324000E+03    1.96665000E-03 
   6.82024000E+02    1.52306000E-02 
   1.54973000E+02    7.61269000E-02 
   4.44553000E+01    2.60801000E-01 
   1.30290000E+01    6.16462000E-01 
   1.82773000E+00    2.21006000E-01 
SP   3    1.000000
   2.09642000E+01    1.14660000E-01   4.02487000E-02 
   4.80331000E+00    9.19999000E-01   2.37594000E-01 
   1.45933000E+00   -3.03068000E-03   8.15854000E-01 
SP   1    1.000000
   4.83456000E-01    1.00000000E+00   1.00000000E+00 
SP   1    1.000000
   1.45585000E-01    1.00000000E+00   1.00000000E+00 
SP   1    1.000000
   4.38000000E-02    1.00000000E+00   1.00000000E+00 
SP   1    1.000000
   1.31927711E-02    1.00000000E+00   1.00000000E+00 
D    1    1.000000
   6.26000000E-01    1.00000000E+00 

9    0
S    6    1.000000
   4.56324000E+03    1.96665000E-03 
   6.82024000E+02    1.52306000E-02 
   1.54973000E+02    7.61269000E-02 
   4.44553000E+01    2.60801000E-01 
   1.30290000E+01    6.16462000E-01 
   1.82773000E+00    2.21006000E-01 
SP   3    1.000000
   2.09642000E+01    1.14660000E-01   4.02487000E-02 
   4.80331000E+00    9.19999000E-01   2.37594000E-01 
   1.45933000E+00   -3.03068000E-03   8.15854000E-01 
SP   1    1.000000
   4.83456000E-01    1.00000000E+00   1.00000000E+00 
SP   1    1.000000
   1.45585000E-01    1.00000000E+00   1.00000000E+00 
SP   1    1.000000
   4.38000000E-02    1.00000000E+00   1.00000000E+00 
SP   1    1.000000
   1.31927711E-02    1.00000000E+00   1.00000000E+00 
D    1    1.000000
   6.26000000E-01    1.00000000E+00 

10    0
S    6    1.000000
   4.56324000E+03    1.96665000E-03 
   6.82024000E+02    1.52306000E-02 
   1.54973000E+02    7.61269000E-02 
   4.44553000E+01    2.60801000E-01 
   1.30290000E+01    6.16462000E-01 
   1.82773000E+00    2.21006000E-01 
SP   3    1.000000
   2.09642000E+01    1.14660000E-01   4.02487000E-02 
   4.80331000E+00    9.19999000E-01   2.37594000E-01 
   1.45933000E+00   -3.03068000E-03   8.15854000E-01 
SP   1    1.000000
   4.83456000E-01    1.00000000E+00   1.00000000E+00 
SP   1    1.000000
   1.45585000E-01    1.00000000E+00   1.00000000E+00 
SP   1    1.000000
   4.38000000E-02    1.00000000E+00   1.00000000E+00 
SP   1    1.000000
   1.31927711E-02    1.00000000E+00   1.00000000E+00 
D    1    1.000000
   6.26000000E-01    1.00000000E+00 

11    0
S    3    1.000000
   3.38650000E+01    2.54938000E-02 
   5.09479000E+00    1.90373000E-01 
   1.15879000E+00    8.52161000E-01 
S    1    1.000000
   3.25840000E-01    1.00000000E+00 
S    1    1.000000
   1.02741000E-01    1.00000000E+00 
S    1    1.000000
   3.60000000E-02    1.00000000E+00 
P    1    1.000000
   7.50000000E-01    1.00000000E+00 

12    0
S    3    1.000000
   3.38650000E+01    2.54938000E-02 
   5.09479000E+00    1.90373000E-01 
   1.15879000E+00    8.52161000E-01 
S    1    1.000000
   3.25840000E-01    1.00000000E+00 
S    1    1.000000
   1.02741000E-01    1.00000000E+00 
S    1    1.000000
   3.60000000E-02    1.00000000E+00 
P    1    1.000000
   7.50000000E-01    1.00000000E+00 

13    0
S    3    1.000000
   3.38650000E+01    2.54938000E-02 
   5.09479000E+00    1.90373000E-01 
   1.15879000E+00    8.52161000E-01 
S    1    1.000000
   3.25840000E-01    1.00000000E+00 
S    1    1.000000
   1.02741000E-01    1.00000000E+00 
S    1    1.000000
   3.60000000E-02    1.00000000E+00 
P    1    1.000000
   7.50000000E-01    1.00000000E+00 

14    0
S    3    1.000000
   3.38650000E+01    2.54938000E-02 
   5.09479000E+00    1.90373000E-01 
   1.15879000E+00    8.52161000E-01 
S    1    1.000000
   3.25840000E-01    1.00000000E+00 
S    1    1.000000
   1.02741000E-01    1.00000000E+00 
S    1    1.000000
   3.60000000E-02    1.00000000E+00 
P    1    1.000000
   7.50000000E-01    1.00000000E+00 

15    0
S    3    1.000000
   3.38650000E+01    2.54938000E-02 
   5.09479000E+00    1.90373000E-01 
   1.15879000E+00    8.52161000E-01 
S    1    1.000000
   3.25840000E-01    1.00000000E+00 
S    1    1.000000
   1.02741000E-01    1.00000000E+00 
S    1    1.000000
   3.60000000E-02    1.00000000E+00 
P    1    1.000000
   7.50000000E-01    1.00000000E+00 

[MO]
Sym=X
Ene=0.921175
Spin=Alpha
Occup=1
1    -0.00109732461
2    -0.00835471026
3    -0.0409382772
4    -0.138944
5    -0.335997237
6    -0.143976929
7    -0.467594057
8    0.00218342563
9    6.7564328e-05
10    -6.19556592e-17
11    -0.00389012907
12    -0.00111449474
13    -6.50091747e-05
14    3.42987164e-15
15    0.000231487438
16    0.00062869633
17    7.3831483e-05
18    -8.2279102e-15
19    -0.00434756717
20    -0.000150546185
21    0.000323581562
22    5.1361366e-14
23    -0.00606633727
24    0.000918980351
25    0.000579083725
26    4.55848205e-14
27    2.68820133e-05
28    1.05587221e-16
29    8.6870877e-05
30    -1.68638494e-16
31    -8.86835734e-05
32    -4.3289411e-06
33    -3.30219254e-05
34    -0.000161359501
35    -0.000549393795
36    -0.00131335732
37    -0.000513702387
38    -0.00188035747
39    2.43652551e-05
40    -4.85273285e-06
41    -6.15974814e-16
42    -8.38038583e-05
43    -0.000106433725
44    3.27682459e-05
45    3.72909795e-15
46    -0.000301989602
47    -1.91784035e-05
48    7.61248537e-05
49    -7.97635152e-15
50    5.48531601e-06
51    0.000188231236
52    0.000222953878
53    4.50555111e-14
54    0.00264354747
55    0.000696272709
56    -0.00031932598
57    3.03579976e-14
58    3.16917845e-05
59    6.23322017e-17
60    2.10660943e-05
61    -2.27247166e-16
62    -3.69856446e-05
63    7.87858873e-08
64    5.7897413e-07
65    2.98843637e-06
66    9.55238492e-06
67    2.79945093e-05
68    2.65922504e-05
69    2.3100008e-05
70    5.52775818e-06
71    1.04667442e-06
72    4.31665218e-17
73    -2.61385281e-05
74    -2.81451761e-05
75    -1.04022874e-05
76    -2.86677171e-15
77    -3.24542626e-06
78    1.33353946e-05
79    6.7420133e-06
80    1.18920646e-14
81    -3.60935129e-05
82    -0.000176139692
83    8.14425311e-05
84    -5.10125983e-14
85    0.00114326823
86    0.000119130178
87    0.0003973537
88    2.24033941e-14
89    -8.6800203e-06
90    3.59022469e-16
91    4.9060078e-06
92    3.83995923e-17
93    -8.71190863e-06
94    1.36085215e-08
95    8.18850167e-08
96    5.57982247e-07
97    1.28543219e-06
98    8.31162138e-06
99    2.01499398e-05
100    -5.86634692e-06
101    5.01617594e-06
102    8.82025131e-07
103    -1.58406548e-16
104    -3.80956818e-05
105    -2.65628802e-05
106    -3.09342822e-06
107    -5.16289821e-16
108    0.000123233451
109    0.000103406458
110    -1.12875541e-05
111    1.42031303e-15
112    0.000584721843
113    0.000110121418
114    -1.72440067e-05
115    1.18927252e-14
116    -5.11628969e-05
117    -5.02585615e-06
118    4.28943867e-05
119    -2.43703995e-14
120    -3.1717309e-06
121    -5.60897711e-16
122    1.90998697e-06
123    9.07415808e-18
124    -8.37299901e-06
125    -4.62810459e-07
126    -3.55859932e-06
127    -1.71885939e-05
128    -5.93159483e-05
129    -0.000135062581
130    -3.25558399e-05
131    -0.000217200644
132    -3.23002364e-07
133    2.36566628e-05
134    -4.45234763e-17
135    -3.1490397e-05
136    1.54664089e-05
137    -8.10918232e-05
138    1.20895133e-15
139    -4.4928793e-06
140    -0.000114505496
141    -2.07343954e-05
142    -4.13664781e-15
143    0.000923513376
144    -0.000562567499
145    -0.000226272385
146    2.6701135e-14
147    0.00172967246
148    7.89123636e-05
149    0.000272431434
150    -1.5952593e-14
151    5.65589936e-06
152    -2.57012142e-16
153    1.4223797e-05
154    -2.70046985e-16
155    4.94469859e-05
156    -2.45834997e-05
157    4.95948271e-05
158    -1.96204335e-05
159    3.40408562e-05
160    -5.15894693e-17
161    -0.000244105258
162    -0.000226142657
163    0.00050098348
164    3.20372565e-15
165    0.000382607409
166    1.00389117e-05
167    -0.000179202506
168    -3.0637295e-15
169    -0.000406549735
170    0.000862025408
171    7.67668039e-06
172    -3.40860477e-14
173    0.000732071425
174    -0.000261814151
175    -0.00010939368
176    -6.77041695e-14
177    0.000177437546
178    -1.89970919e-16
179    3.28170671e-05
180    -2.05120814e-16
181    0.000251994175
182    -1.59603072e-06
183    6.86185491e-06
184    7.94021655e-06
185    -5.78952061e-06
186    8.04289691e-17
187    -4.88984698e-05
188    -4.91471075e-05
189    3.76052536e-05
190    6.19265923e-16
191    0.000133807945
192    0.000324255351
193    0.000129338138
194    1.24453362e-15
195    0.00205397803
196    0.000431062372
197    3.83042827e-05
198    -1.04306351e-13
199    -0.00116640193
200    -0.0016406175
201    -0.000277960563
202    8.45183116e-14
203    2.77928003e-05
204    -9.21898542e-17
205    -5.28350428e-07
206    7.96452994e-16
207    3.0198456e-05
208    -4.05881879e-06
209    9.47351127e-06
210    2.6462895e-05
211    -7.02808251e-06
212    3.58656976e-16
213    -6.72617472e-05
214    -0.000182053145
215    3.36757394e-05
216    -4.56329094e-17
217    0.000209775329
218    0.000259573328
219    -8.20110236e-05
220    -4.66949707e-15
221    0.00505620561
222    0.0021659126
223    -0.00160349002
224    1.60934066e-13
225    -0.000478002629
226    0.00223815076
227    -0.00012338693
228    -1.05199742e-13
229    3.50665243e-06
230    3.05692195e-16
231    2.78790906e-06
232    8.79958908e-16
233    -8.39902793e-05
234    -2.69184675e-05
235    5.8848445e-05
236    -2.80785219e-05
237    -2.52946278e-05
238    -1.4540861e-16
239    -0.0002813185
240    -0.000319557858
241    -0.000517812024
242    2.10947252e-15
243    0.000203373693
244    0.000360800317
245    0.000413135676
246    1.35769215e-15
247    -0.00351804691
248    0.00331597953
249    0.0024528574
250    -1.29090098e-13
251    0.000370374631
252    -0.000410621449
253    0.000896926705
254    6.05069569e-14
255    -0.000243499983
256    4.78847331e-16
257    5.80629997e-05
258    3.92369588e-16
259    0.00023521413
260    -3.72996748e-07
261    1.2614242e-06
262    2.02139526e-08
263    5.68141803e-07
264    1.16542641e-16
265    -1.37130297e-05
266    -2.37377765e-06
267    -6.93201066e-06
268    -1.206841e-15
269    1.74602762e-05
270    8.69100868e-05
271    4.01751209e-05
272    -1.55042936e-15
273    -9.62341287e-05
274    5.32702522e-05
275    0.000135724728
276    8.74747853e-15
277    0.000779946582
278    0.000216121158
279    -0.000419646466
280    -6.76631256e-15
281    9.08754966e-07
282    -2.47056771e-16
283    -4.90812677e-06
284    -8.72085655e-16
285    2.39914707e-06
286    -2.46835624e-06
287    1.76738789e-05
288    -1.59679999e-05
289    -7.5503809e-05
290    -2.0521301e-06
291    -2.81208428e-06
292    -4.29029732e-16
293    -2.95498906e-06
294    1.31535604e-05
295    6.95706273e-05
296    9.77243195e-05
297    1.89153601e-07
298    5.76523625e-07
299    2.63449262e-16
300    -1.15573583e-05
301    -0.000107508658
302    6.09420738e-05
303    -0.000629850758
304    9.31860085e-06
305    8.55332549e-05
306    -1.47904662e-16
307    -3.207927e-06
308    -2.65474611e-05
309    -0.000281061533
310    0.000142021972
311    3.30900657e-07
312    -1.04766157e-05
313    -2.99818776e-16
314    -5.57538471e-06
315    5.27725602e-05
316    0.000135586594
317    -0.000222449622
318    3.06213124e-06
319    1.2223876e-05
320    1.59918708e-16
Sym=X
Ene=0.920584
Spin=Alpha
Occup=1
1    -4.3380436e-06
2    -3.29597676e-05
3    -0.000161997306
4    -0.000547896502
5    -0.00134155855
6    -0.000627834698
7    -0.00180987766
8    3.11537654e-05
9    -2.12218383e-05
10    -1.63456557e-15
11    6.88051322e-05
12    -7.78111345e-05
13    8.89034184e-05
14    1.23890722e-15
15    0.000162629101
16    2.67725768e-06
17    2.37101763e-05
18    -1.09341273e-14
19    -0.000475815886
20    -8.91622323e-05
21    -0.000182396133
22    4.9833911e-14
23    -0.00326067309
24    0.00084558101
25    -0.000544355609
26    5.53009529e-14
27    -5.00386776e-05
28    3.6357188e-16
29    -1.71752917e-05
30    3.19083859e-16
31    -9.27175471e-06
32    0.00109734389
33    0.00835481306
34    0.0409391005
35    0.138944997
36    0.33600869
37    0.143965809
38    0.467605195
39    0.000721209573
40    -0.00214377207
41    -9.09464412e-16
42    0.00385511009
43    -0.000321118772
44    0.00114122894
45    2.09123807e-15
46    -0.000327148136
47    0.000130334987
48    -0.000651498438
49    -7.59352409e-15
50    0.00550454297
51    -0.000502901925
52    -0.000265078789
53    4.34651009e-14
54    0.00959708152
55    -0.00129709177
56    -0.00192211859
57    2.6543125e-14
58    -9.41752677e-05
59    -5.06297392e-17
60    -7.34464664e-05
61    -1.85787444e-17
62    -3.59169922e-05
63    -2.9178571e-07
64    -2.18434752e-06
65    -1.09725399e-05
66    -3.61943146e-05
67    -9.63728967e-05
68    -6.88223624e-05
69    -0.000104882779
70    -4.68782744e-06
71    -6.74097683e-06
72    -3.28828175e-16
73    5.40506498e-05
74    2.70101201e-05
75    3.86110478e-05
76    -5.91500938e-16
77    -3.3876882e-05
78    -5.07441374e-05
79    -3.73132823e-05
80    3.84741346e-15
81    0.000490670506
82    -0.00012474244
83    0.000172534861
84    -2.49515659e-14
85    0.00123616652
86    0.000194524423
87    0.000376674706
88    -5.82533013e-14
89    1.54515431e-05
90    3.43207259e-16
91    -6.44629462e-06
92    -4.86942118e-16
93    -3.89433018e-06
94    2.24176192e-07
95    1.7165674e-06
96    8.34350587e-06
97    2.85907437e-05
98    6.67972827e-05
99    2.22877059e-05
100    0.000101848084
101    -1.003182e-05
102    -1.19811577e-05
103    -3.95288683e-17
104    -5.36554973e-06
105    1.76383942e-05
106    2.68458734e-05
107    1.11087157e-15
108    7.58429629e-06
109    -1.05346794e-05
110    0.000126158827
111    3.9930124e-16
112    -0.00228915745
113    -0.00024834561
114    -0.000138183095
115    1.30437581e-14
116    -0.00661097273
117    -0.00126693426
118    -0.00059640213
119    1.84787644e-14
120    3.63140052e-05
121    -2.34089615e-16
122    -8.00968639e-06
123    -3.46013277e-16
124    4.38703196e-06
125    -3.15363176e-08
126    -2.21222069e-07
127    -1.22018687e-06
128    -3.6122671e-06
129    -1.32489515e-05
130    -1.99673729e-05
131    -3.29964997e-06
132    3.19690183e-06
133    -4.13618323e-06
134    -1.78353479e-15
135    3.34754675e-05
136    -1.65288942e-05
137    2.24585385e-05
138    2.10852586e-15
139    -0.000120695867
140    6.600073e-05
141    -4.09541779e-05
142    -9.87487305e-15
143    -6.86908847e-05
144    0.000324072399
145    2.91538761e-05
146    2.93431608e-14
147    -0.000561116092
148    -6.94352407e-05
149    -0.000139655117
150    1.28737585e-16
151    -9.58993881e-06
152    -2.15520716e-16
153    1.19498462e-07
154    -8.8377097e-17
155    -3.18721927e-06
156    2.70197246e-05
157    -5.42758475e-05
158    -4.19580204e-05
159    8.44265014e-06
160    -9.87032473e-16
161    0.000275201493
162    -0.000576757264
163    4.34027724e-05
164    8.32440816e-16
165    -0.000366629493
166    0.000161414762
167    5.73792501e-05
168    -6.8041067e-15
169    0.00164548207
170    -0.000364549756
171    -0.00117111715
172    -4.08251261e-14
173    0.00537952978
174    -0.000949045148
175    7.94892918e-05
176    -1.10761377e-14
177    8.00838619e-06
178    2.61968154e-16
179    -3.13432493e-05
180    -1.19215069e-16
181    0.000317015522
182    2.75679056e-05
183    -7.19433782e-05
184    1.65000694e-05
185    2.82609932e-05
186    -7.52120788e-16
187    0.000314933613
188    0.000312676451
189    0.000627531213
190    1.28362171e-15
191    -0.000432875908
192    -0.000327915
193    -0.00050916363
194    -2.73068086e-15
195    0.00496951415
196    -0.00364131865
197    -0.00548526037
198    -9.26831118e-14
199    -0.00509494323
200    -0.00310676701
201    -0.0015377091
202    -9.65928064e-14
203    0.000353306698
204    -3.54930084e-16
205    -8.30576816e-05
206    2.66114895e-17
207    -5.56488368e-05
208    3.64419772e-06
209    -1.18751459e-05
210    5.00448255e-06
211    -3.40227796e-05
212    -7.72316081e-16
213    7.74034401e-05
214    -4.82390171e-05
215    0.000199451051
216    -4.96994189e-16
217    -0.000180990242
218    -0.000129554416
219    -0.000114108444
220    -6.75577386e-15
221    -0.00567203151
222    0.00353668839
223    -0.00223021921
224    1.44035675e-13
225    -0.0051527957
226    0.00375863544
227    0.00022706724
228    1.97206509e-13
229    -4.84777165e-05
230    -3.24059484e-16
231    -6.0774311e-06
232    -2.95348157e-16
233    -0.000106951648
234    1.28539164e-06
235    -7.25461667e-06
236    9.07843247e-06
237    -5.67004476e-06
238    -2.10281754e-15
239    3.81230961e-05
240    -6.59771413e-05
241    3.25939459e-05
242    -1.26464098e-16
243    0.000219646656
244    -2.97943744e-05
245    -0.000162309757
246    -2.20498537e-15
247    -0.00339433385
248    0.000280427775
249    0.000387347138
250    -1.32812399e-13
251    -0.00110939833
252    -0.000275663411
253    0.000386194345
254    -1.02365418e-13
255    7.38226854e-06
256    3.43622734e-16
257    -6.92487451e-06
258    -5.84768167e-17
259    3.70485597e-05
260    1.796246e-07
261    -2.44471826e-06
262    1.23506295e-06
263    2.18427225e-06
264    4.58132142e-16
265    2.09810706e-05
266    2.14723625e-06
267    6.56352286e-07
268    3.37188857e-16
269    4.87517052e-05
270    -0.000144349748
271    7.68618508e-05
272    -1.7370599e-15
273    -0.0014138418
274    -0.000419715958
275    -0.000583550245
276    2.63011556e-15
277    0.00583697437
278    0.00140827496
279    -0.000130665407
280    -5.47791319e-15
281    2.76889777e-06
282    1.11055103e-16
283    3.27297432e-06
284    -4.29142145e-16
285    -8.21435122e-06
286    1.10848257e-05
287    -7.04616273e-05
288    0.000214653711
289    0.000221568103
290    -1.98211575e-05
291    -7.31546069e-06
292    -3.9021005e-16
293    4.34842557e-06
294    -3.24085766e-05
295    -9.3655296e-05
296    -0.000259755263
297    -2.62063021e-06
298    -3.10408106e-06
299    7.59645567e-16
300    1.4550147e-05
301    0.000108075055
302    -3.78422343e-05
303    0.0012756894
304    -7.98791338e-05
305    -4.13241585e-05
306    -1.27982261e-16
307    2.13812093e-06
308    1.65222573e-05
309    8.52529885e-05
310    -4.49852543e-05
311    7.13016138e-07
312    5.46952726e-06
313    -5.10122429e-16
314    -8.16689607e-08
315    5.89194066e-06
316    -0.000167852933
317    8.54205904e-05
318    -1.30059795e-06
319    2.82512376e-06
320    -4.0317511e-16
Sym=X
Ene=0.920649
Spin=Alpha
Occup=1
1    -7.24308722e-08
2    -5.58187299e-07
3    -2.6862718e-06
4    -9.30982771e-06
5    -2.09939532e-05
6    -5.05269359e-06
7    -3.39862167e-05
8    -1.7917147e-06
9    1.73257089e-06
10    -1.28807625e-15
11    -6.96726495e-06
12    9.24028223e-06
13    -4.33766823e-06
14    -2.46374224e-16
15    1.61623351e-05
16    4.59680929e-05
17    -4.54592196e-05
18    -4.60236064e-15
19    5.19698348e-06
20    -0.000177557809
21    0.000176202802
22    4.80689296e-14
23    0.000395251919
24    -0.000518559113
25    0.000778820816
26    6.30823015e-14
27    -9.30916036e-07
28    5.10870245e-16
29    6.28935393e-07
30    -6.39634457e-17
31    -1.21820228e-05
32    -2.84532142e-07
33    -2.20141907e-06
34    -1.0533481e-05
35    -3.67342335e-05
36    -8.04644003e-05
37    -8.02324498e-06
38    -0.000139757411
39    -5.55867899e-06
40    -7.12850316e-06
41    -9.46453386e-16
42    -5.29898669e-05
43    3.24162117e-05
44    5.07027171e-05
45    3.15300579e-15
46    3.19969071e-06
47    -6.58536856e-05
48    -1.73322832e-05
49    -9.43486592e-15
50    -0.000253237014
51    -0.000103191697
52    4.13197986e-07
53    5.91140081e-14
54    -0.0015196181
55    0.000102110609
56    0.000214992732
57    2.44632274e-15
58    -1.3934685e-05
59    5.60339594e-17
60    7.66093239e-06
61    1.76206521e-16
62    1.8212939e-05
63    -0.00109740941
64    -0.00835529003
65    -0.040941631
66    -0.138951858
67    -0.336026303
68    -0.143870394
69    -0.467689483
70    0.000184511149
71    -0.002239708
72    -1.03237356e-15
73    -0.0038117561
74    -7.76271886e-05
75    0.0011579989
76    1.37290584e-15
77    0.000466760899
78    3.99485384e-05
79    -0.000584871448
80    -3.02304344e-15
81    -0.00441584684
82    -0.000498721857
83    6.10152143e-06
84    -6.16085412e-15
85    -0.00537696929
86    -0.000902776455
87    -0.000871753539
88    -2.25950074e-13
89    6.67506721e-05
90    8.34019448e-17
91    9.20639418e-05
92    -4.22406017e-16
93    0.000116456999
94    -5.10036178e-07
95    -3.96039359e-06
96    -1.88554316e-05
97    -6.61321288e-05
98    -0.000140969102
99    2.74962146e-06
100    -0.000262821625
101    1.03871592e-06
102    -2.29164741e-05
103    1.03787575e-15
104    -0.000119663358
105    -1.3759687e-05
106    9.19706221e-05
107    -2.92103718e-15
108    7.25418509e-05
109    0.000107288243
110    -6.80637548e-05
111    9.13664884e-15
112    0.000641712445
113    7.6112066e-05
114    -0.000226477058
115    -5.68672782e-15
116    0.00294991758
117    0.00043201196
118    -0.00050572446
119    1.42895964e-13
120    -2.57467565e-05
121    1.94802074e-16
122    1.40399125e-05
123    -1.06327688e-16
124    3.0699647e-05
125    -8.12346205e-08
126    -6.299967e-07
127    -3.00457091e-06
128    -1.05128284e-05
129    -2.25217843e-05
130    9.71243137e-07
131    -4.15219927e-05
132    6.41501505e-07
133    7.4430636e-06
134    -7.02038938e-16
135    -2.0685691e-05
136    1.03160578e-06
137    -3.8947754e-05
138    -8.91636573e-16
139    -9.38449051e-06
140    6.5252755e-06
141    7.02419796e-05
142    -3.04323822e-15
143    0.0011834279
144    0.000253126113
145    0.000187823813
146    1.62352731e-14
147    0.00273369746
148    -0.000244969659
149    0.000435946008
150    7.56772573e-14
151    8.65297413e-06
152    -1.62113919e-16
153    3.92656745e-06
154    1.00737067e-16
155    1.21340279e-05
156    -1.45853933e-07
157    1.10064765e-06
158    -1.37573152e-06
159    2.76675507e-06
160    -6.75143706e-16
161    -8.96546977e-06
162    1.4048654e-05
163    -9.35125663e-06
164    2.17551393e-15
165    0.000115179716
166    -7.71037295e-05
167    -8.65361872e-06
168    -9.75531755e-15
169    -0.00147855879
170    0.000169405244
171    0.000572945015
172    -4.44411023e-14
173    -0.00763744285
174    0.000880678018
175    0.000785628614
176    1.34302202e-13
177    6.94898472e-06
178    4.08204627e-16
179    -6.17142865e-06
180    -5.9761319e-16
181    -7.66841905e-06
182    -3.74378397e-06
183    1.05914105e-05
184    9.16519125e-06
185    -2.00905581e-05
186    -1.7927249e-16
187    -9.04387691e-05
188    -3.58970467e-05
189    0.000157845694
190    -3.08478876e-16
191    -9.08055955e-05
192    8.27096118e-05
193    -0.000120646066
194    -4.98467927e-16
195    0.00604574266
196    0.00132880616
197    -0.000630481598
198    -1.07378877e-13
199    0.00336464071
200    0.00227904509
201    0.00135222762
202    -4.70179685e-13
203    8.80289939e-05
204    5.50906512e-16
205    -2.78325437e-06
206    1.0765247e-15
207    3.76075634e-05
208    -1.88603816e-05
209    6.31313104e-05
210    8.28291985e-06
211    1.04064497e-05
212    -1.06467954e-15
213    -0.000265923859
214    0.000416552406
215    0.000456919226
216    -8.1156259e-16
217    2.20268135e-05
218    -0.000671325705
219    -0.000223840168
220    -4.45804823e-15
221    -0.000115371237
222    0.000135625974
223    -0.00463258582
224    1.44085936e-13
225    0.00515777016
226    -0.00233890089
227    -0.00120048341
228    8.84106375e-13
229    -0.000318630768
230    -9.92641715e-17
231    7.80355966e-05
232    -9.45303606e-16
233    -7.89888471e-05
234    -8.15954765e-07
235    1.64513655e-06
236    -2.09221236e-05
237    -6.57443856e-06
238    -2.70510837e-15
239    -1.30618497e-05
240    6.98756462e-05
241    1.71799009e-05
242    1.34254547e-15
243    0.000374140098
244    -0.000381455673
245    5.83231216e-05
246    -7.05855151e-15
247    -0.00191756604
248    0.000452710358
249    0.00218468466
250    -1.22017145e-13
251    0.00228045923
252    0.00051538079
253    0.00102647113
254    -5.17957899e-13
255    -6.15117488e-05
256    2.52544358e-16
257    1.61540469e-06
258    -8.59383358e-16
259    -3.99662886e-05
260    -3.50463427e-05
261    6.92232477e-05
262    -5.14075009e-05
263    2.95594565e-05
264    3.31151235e-16
265    -0.000317019896
266    -0.000537329409
267    0.000297260097
268    -1.36796188e-16
269    3.28922337e-05
270    -1.37055987e-05
271    -0.000122658749
272    -4.33795102e-15
273    0.000364467899
274    0.000105721852
275    -0.000363594483
276    1.34573434e-14
277    -0.00284761984
278    -0.000643462762
279    0.000501744053
280    -5.61919779e-14
281    0.000268840198
282    -6.24397707e-16
283    6.0209777e-05
284    -6.09066411e-16
285    -0.00020578128
286    -1.4632112e-05
287    2.78682658e-05
288    9.58185263e-05
289    0.000363698924
290    -3.36489207e-06
291    2.55340158e-06
292    -7.95720161e-16
293    -4.73289154e-06
294    -0.000132605538
295    2.37400247e-05
296    -0.000338575557
297    -7.99436537e-05
298    1.86949911e-05
299    4.47239477e-16
300    -2.32406184e-06
301    -8.25708228e-06
302    4.94800597e-05
303    -0.000467604194
304    3.18242587e-06
305    7.18896402e-07
306    4.86720511e-16
307    -5.08433326e-06
308    3.40444789e-05
309    3.68504013e-05
310    0.000211017295
311    -4.93195253e-06
312    -2.00971551e-06
313    -5.54788231e-16
314    -6.99147707e-06
315    2.89811274e-05
316    -0.000222096692
317    -8.68110181e-05
318    -3.6528491e-06
319    1.95412665e-06
320    -4.6812899e-16
Sym=X
Ene=0.927533
Spin=Alpha
Occup=1
1    -4.57556254e-07
2    -3.44711052e-06
3    -1.71510638e-05
4    -5.71909773e-05
5    -0.000147134602
6    -9.03853572e-05
7    -0.000173470437
8    4.11423819e-07
9    2.03457318e-05
10    7.73901016e-16
11    2.91866473e-05
12    -1.82626848e-05
13    -7.29889627e-05
14    -3.77322863e-15
15    0.000177741736
16    -2.93979026e-05
17    1.80371888e-05
18    9.90977812e-15
19    -0.000328798187
20    3.40766645e-05
21    0.000263867983
22    -1.23572643e-13
23    -0.000143574012
24    -0.000179966227
25    6.72550075e-05
26    -1.41619997e-13
27    1.63275454e-05
28    -5.64899649e-16
29    -1.395517e-05
30    5.11843839e-16
31    -2.83854742e-05
32    2.82653127e-08
33    2.25028192e-07
34    1.03170691e-06
35    3.77650334e-06
36    6.77668731e-06
37    -4.68021082e-06
38    1.73052502e-05
39    8.59910355e-10
40    1.28631775e-06
41    1.86214675e-15
42    1.61132453e-05
43    -9.38727148e-07
44    -8.0421586e-06
45    -7.06231608e-15
46    -4.82910409e-05
47    3.37226406e-05
48    9.77762505e-07
49    1.93190978e-14
50    5.05806012e-05
51    0.000146816015
52    -3.94279566e-05
53    -1.25142805e-13
54    -0.000970177864
55    0.000196757098
56    8.41352492e-05
57    -2.4730962e-14
58    1.19801483e-06
59    -1.11153249e-16
60    -2.09129189e-06
61    -4.88849516e-16
62    -1.13226442e-06
63    -8.2287098e-08
64    -6.23274424e-07
65    -3.07694948e-06
66    -1.03540644e-05
67    -2.58463205e-05
68    -1.36353468e-05
69    -3.30261401e-05
70    -2.62174348e-06
71    -3.86271423e-06
72    2.9433125e-15
73    -1.01367251e-05
74    7.36561302e-06
75    1.74477422e-05
76    -3.10472263e-15
77    0.000128167021
78    7.64027913e-05
79    -1.95823386e-06
80    7.23672467e-15
81    -0.00033486538
82    -0.000196230027
83    5.48508624e-06
84    2.23987448e-14
85    -0.000409490914
86    -0.00041652792
87    0.000141457717
88    4.37156653e-13
89    1.11345316e-05
90    -4.97887655e-16
91    -6.9557145e-06
92    6.77775836e-16
93    3.55877503e-06
94    7.45521145e-09
95    5.83964378e-08
96    2.74457689e-07
97    9.77661395e-07
98    1.97985186e-06
99    -1.50085701e-07
100    4.07070178e-06
101    -1.60670347e-06
102    2.41266657e-07
103    -1.47641413e-15
104    -6.54021277e-06
105    5.99997887e-06
106    2.4631799e-07
107    7.27952858e-15
108    0.000141875037
109    4.21230245e-05
110    -7.09642125e-05
111    -1.29893179e-14
112    0.000231794802
113    3.36238616e-05
114    -0.000133261089
115    1.0418811e-14
116    0.000206667076
117    0.000100808456
118    0.000244456108
119    -2.87144216e-13
120    -2.21583658e-07
121    -2.28452859e-16
122    -2.17890926e-06
123    -1.81868086e-16
124    1.70908891e-06
125    0.0010971545
126    0.00835375312
127    0.0409312555
128    0.138937235
129    0.335920044
130    0.144169839
131    0.467404434
132    -0.000109037873
133    0.000119045672
134    6.1534502e-16
135    0.00428474957
136    4.34372148e-05
137    -2.36196162e-05
138    -2.923496e-15
139    -0.00050955155
140    1.16397642e-05
141    6.51016269e-05
142    3.54623803e-15
143    0.00307404441
144    -0.000330751277
145    0.000499957854
146    -4.2759295e-14
147    0.00187816278
148    -0.000407243956
149    0.000494831834
150    -1.50538893e-13
151    4.4910411e-06
152    -2.30060069e-17
153    8.03077748e-05
154    -1.11870795e-16
155    3.78618189e-06
156    -7.739947e-08
157    -1.62148479e-06
158    1.85463786e-07
159    -5.06193092e-07
160    6.50093935e-17
161    1.17198079e-05
162    1.79975116e-06
163    -7.29260503e-06
164    -4.9917743e-15
165    -0.00015316573
166    -7.20674328e-06
167    3.70918949e-05
168    1.34809777e-14
169    -0.00128161608
170    -7.98592609e-06
171    0.000335994017
172    1.10632177e-13
173    0.000223354289
174    0.000281770031
175    -0.000333005661
176    -2.62792649e-13
177    -2.84353984e-06
178    2.67705177e-16
179    3.95696957e-06
180    1.10808841e-15
181    -5.66052888e-06
182    1.25553228e-07
183    -2.45550801e-06
184    -3.88119842e-06
185    1.98933249e-06
186    6.17982016e-16
187    2.32169912e-05
188    2.14145663e-05
189    -1.80938205e-05
190    -2.37175241e-16
191    -0.00046557459
192    9.76693778e-06
193    0.000300507599
194    1.99172229e-15
195    -0.000403377802
196    -0.000239220884
197    0.000477997275
198    2.37010436e-13
199    0.000266138332
200    0.00121176764
201    0.00067957704
202    9.61020186e-13
203    -1.79988614e-05
204    -7.31365331e-16
205    3.39446235e-06
206    -2.73248737e-15
207    -1.73835e-06
208    1.30532479e-06
209    -4.60110564e-06
210    -2.38094012e-05
211    1.2032391e-05
212    8.48184639e-16
213    2.46422235e-05
214    0.000123017255
215    -4.52047504e-05
216    -1.30955641e-15
217    -9.40993476e-06
218    -0.000435400421
219    0.000398811774
220    1.00763494e-14
221    0.000708033932
222    -0.00122022471
223    -0.000810327904
224    -3.38082381e-13
225    -0.000114440228
226    -0.00158289889
227    2.76790569e-05
228    -1.7115909e-12
229    -4.28348101e-05
230    3.34907802e-16
231    -8.31975833e-06
232    -1.51389812e-16
233    3.4384537e-05
234    1.89934705e-05
235    -3.54192874e-05
236    3.30456742e-05
237    -5.34821456e-05
238    2.6986409e-15
239    0.00023256034
240    0.000185446474
241    -0.000310463175
242    -7.54787468e-15
243    2.40656909e-05
244    -0.000325112292
245    -5.64931434e-05
246    6.93101043e-15
247    -0.000142601985
248    -0.000766006325
249    0.00236171678
250    2.89916918e-13
251    -0.000475202622
252    0.000163709188
253    -0.00077347989
254    1.01774092e-12
255    -0.000174195973
256    -4.41669501e-16
257    -9.11203445e-06
258    4.84219419e-16
259    -0.000114447111
260    2.12990378e-07
261    -8.22991319e-07
262    2.25434592e-06
263    2.33614577e-06
264    -9.53171205e-16
265    1.83678528e-05
266    -7.62838611e-06
267    -1.34930516e-05
268    4.98305095e-15
269    -0.000171861776
270    -0.00010040698
271    -8.43676089e-05
272    2.60723547e-15
273    -0.0012787866
274    -0.000560617582
275    -6.57343274e-05
276    -4.3363043e-15
277    -9.97199662e-05
278    -7.75085643e-05
279    0.000230404665
280    9.76303233e-14
281    -3.67151722e-06
282    6.69224539e-16
283    6.509482e-06
284    1.24546358e-15
285    -2.80652657e-06
286    -1.02043248e-07
287    1.35848304e-05
288    1.51247094e-05
289    -7.49839905e-05
290    5.27016576e-07
291    6.69098393e-07
292    1.45942059e-15
293    1.53468161e-06
294    -1.15989666e-05
295    -9.04925469e-05
296    -0.00025819333
297    -1.23575865e-06
298    1.3792874e-06
299    -4.0876823e-16
300    -7.9621425e-07
301    1.76397168e-05
302    -4.42206363e-05
303    7.60909798e-06
304    3.22875667e-07
305    -4.40385085e-06
306    -1.18363409e-15
307    0.000248723835
308    0.000170270734
309    -9.7056105e-05
310    0.000309141918
311    7.24164658e-05
312    0.000124533839
313    3.56253344e-16
314    0.00024603307
315    0.000128335608
316    -6.37590299e-05
317    0.000269290835
318    -0.000129051713
319    -2.46188755e-07
320    1.51409064e-17
Sym=X
Ene=0.92572
Spin=Alpha
Occup=1
1    1.28629905e-08
2    1.06325187e-07
3    4.60354743e-07
4    1.79716909e-06
5    2.33234643e-06
6    -5.4941446e-06
7    9.95428755e-06
8    1.465985e-06
9    2.30897576e-06
10    4.42450776e-16
11    1.11898098e-05
12    -8.873077e-06
13    -1.37868841e-05
14    4.6797118e-15
15    1.38701985e-05
16    -2.62106793e-05
17    8.71037545e-05
18    -6.81046947e-15
19    -1.93147325e-05
20    -8.01432779e-05
21    0.000163444944
22    7.80740608e-14
23    -0.000349854779
24    -8.35339215e-05
25    9.01507332e-05
26    6.64588809e-14
27    2.23367154e-06
28    2.13228862e-16
29    -2.39715827e-06
30    -2.18997747e-16
31    -1.33506006e-06
32    -2.17116796e-07
33    -1.632919e-06
34    -8.14339922e-06
35    -2.70797685e-05
36    -7.03906144e-05
37    -4.53346864e-05
38    -8.00421287e-05
39    1.38800474e-05
40    7.9078696e-06
41    -2.30456914e-16
42    3.06458569e-06
43    -3.60581509e-05
44    -4.02415074e-05
45    4.49980508e-15
46    0.000286795726
47    -7.76050898e-05
48    -9.31669342e-05
49    -1.09448562e-14
50    2.28272673e-05
51    4.5537704e-05
52    -5.96817423e-05
53    7.63159992e-14
54    -0.000799791655
55    0.000307849462
56    6.54672335e-05
57    6.00248621e-14
58    3.12177889e-05
59    1.33867755e-16
60    -1.28331165e-05
61    6.16016885e-16
62    2.31145307e-06
63    -5.15776766e-07
64    -3.87220633e-06
65    -1.93661817e-05
66    -6.41987165e-05
67    -0.000168438653
68    -0.000113653234
69    -0.000188973126
70    8.663711e-06
71    -2.17652898e-05
72    -1.93765381e-15
73    6.11712725e-05
74    -4.00043177e-05
75    6.80499576e-05
76    -2.32624525e-15
77    0.000220010523
78    2.75860585e-05
79    5.4515374e-05
80    1.04845885e-15
81    -0.000147274245
82    -0.00018987057
83    2.08673999e-06
84    -4.62770296e-14
85    -0.000731918851
86    -0.000150808568
87    -3.99353598e-05
88    -1.23329307e-13
89    -2.41774529e-05
90    -4.43164743e-16
91    -1.8743461e-05
92    1.72623589e-16
93    -5.76327349e-06
94    0.00109719405
95    0.00835403551
96    0.0409327615
97    0.138940245
98    0.335928515
99    0.144068704
100    0.467476602
101    3.36644494e-05
102    -4.62279044e-05
103    -1.2826638e-15
104    0.00429730953
105    3.90546109e-05
106    -3.13853284e-05
107    -1.79064665e-15
108    -0.000541906591
109    -6.73560105e-05
110    4.39684818e-05
111    -5.72379387e-15
112    0.00232138931
113    0.000672104327
114    -0.000470293669
115    1.84292069e-14
116    0.00228011703
117    0.000702264014
118    -0.00021462131
119    6.91116079e-14
120    -5.6722733e-05
121    9.52790253e-17
122    1.92175349e-05
123    2.60351181e-16
124    1.21882612e-06
125    -8.40063197e-09
126    -5.67521997e-08
127    -3.29983416e-07
128    -9.18198593e-07
129    -3.94436166e-06
130    -7.16572126e-06
131    3.27589475e-07
132    1.60026113e-06
133    -6.30365602e-07
134    1.22206969e-17
135    1.1463046e-05
136    -6.06697166e-06
137    2.6628172e-06
138    1.99526169e-15
139    -7.29721097e-06
140    -3.79951942e-05
141    -3.53679716e-05
142    -9.59140699e-16
143    9.41154528e-05
144    2.81607149e-05
145    -4.29713359e-05
146    2.63871003e-14
147    0.000142460286
148    0.000124625374
149    -1.13592713e-05
150    3.89984457e-14
151    -2.03897533e-06
152    -8.17984866e-19
153    -2.13594618e-07
154    -4.54112143e-17
155    9.21127059e-07
156    -1.3045403e-07
157    -1.76512297e-06
158    1.36425535e-07
159    1.11205448e-08
160    2.80418435e-16
161    9.75068508e-06
162    -1.36170537e-05
163    2.87993942e-07
164    5.42887279e-15
165    -0.0001194469
166    -3.21495176e-05
167    7.47914834e-05
168    -2.98290652e-15
169    -0.00108688388
170    0.000232667641
171    0.000256058243
172    -6.29801642e-14
173    -0.000548098313
174    -4.18636212e-05
175    3.81538157e-05
176    4.15735654e-14
177    1.31740315e-06
178    -7.57839674e-16
179    2.25243e-06
180    -7.31596425e-16
181    4.60484671e-06
182    1.55025805e-05
183    -2.85550521e-05
184    -5.72567686e-05
185    -8.32826016e-06
186    -6.80887396e-16
187    0.000207440169
188    -0.000323389319
189    2.78615114e-05
190    -8.43151573e-17
191    -5.66746429e-05
192    -0.000121486574
193    -0.000464999663
194    6.31821633e-17
195    -0.001878167
196    0.000983582734
197    0.000890677176
198    -1.73346152e-13
199    0.000301448847
200    -0.000172223092
201    0.000353235596
202    -2.71518719e-13
203    2.28630641e-06
204    1.214514e-15
205    1.47301472e-06
206    1.80386003e-15
207    0.000190792648
208    2.10765465e-06
209    -7.45896597e-06
210    1.35291008e-05
211    -1.36689056e-05
212    -1.54649225e-15
213    5.85889792e-05
214    -8.50348368e-05
215    9.14641278e-05
216    8.86128131e-16
217    -0.000157074921
218    0.000791978771
219    -0.000165277472
220    -1.0277305e-14
221    0.00459639662
222    0.0014094981
223    -0.000472295543
224    2.38215193e-13
225    0.00073963429
226    0.000241871683
227    -0.00114122155
228    4.11585181e-13
229    -4.48578313e-05
230    1.71473619e-16
231    5.00937374e-07
232    1.1535426e-15
233    -3.94805809e-05
234    6.26839574e-07
235    -4.62037108e-06
236    5.31237561e-06
237    -6.56574309e-07
238    -3.62691233e-16
239    3.29523129e-05
240    -4.19224747e-05
241    2.13788767e-06
242    4.77846634e-15
243    -0.000496154617
244    0.000402326765
245    2.79070749e-05
246    -1.36100907e-15
247    -0.00346480508
248    0.00114809932
249    0.000292721201
250    -1.71930081e-13
251    0.000267643533
252    2.44736711e-05
253    0.000754772145
254    -2.39668797e-13
255    -1.11151618e-05
256    8.87066248e-16
257    -1.30421057e-06
258    6.30062187e-16
259    1.96183884e-05
260    1.54570359e-05
261    -2.57108134e-05
262    1.85071769e-05
263    5.33696984e-05
264    -6.92199354e-16
265    0.000184222693
266    1.42804643e-05
267    0.000337636708
268    -5.74613828e-15
269    -0.000262389655
270    0.000145402948
271    -8.57655096e-06
272    -1.79002099e-15
273    -8.76573263e-05
274    -0.000109557987
275    1.0356167e-05
276    -5.65969905e-15
277    -0.000950859943
278    -0.000304968265
279    0.000112505734
280    2.42523683e-15
281    1.99675447e-05
282    -2.83864551e-16
283    7.42461304e-06
284    -1.53793917e-15
285    -0.00019853002
286    0.000238748935
287    8.70018016e-05
288    0.000189762414
289    0.000392331577
290    8.5194011e-05
291    -9.15368987e-05
292    -7.28913884e-16
293    8.33259955e-06
294    0.000163387357
295    -2.94424472e-05
296    -0.000136909962
297    5.72994316e-05
298    4.27310751e-05
299    -1.15803272e-15
300    3.30774109e-07
301    5.70231313e-06
302    -3.03604946e-05
303    -0.000123384716
304    -1.53466191e-06
305    -2.59719578e-06
306    1.29796687e-15
307    1.61416647e-06
308    -1.9492213e-05
309    -3.69628427e-05
310    7.1184129e-05
311    -1.63887616e-06
312    -4.67040662e-06
313    -1.24083455e-16
314    1.03374191e-06
315    9.60069837e-06
316    -3.61078824e-05
317    -0.000149714291
318    6.39484049e-07
319    -1.70032502e-06
320    4.32783644e-16
[5D]