[Molden Format]
[Atoms] (Angs)
  N      1    7      1.94018933      0.52508494      0.00000000
  N      2    7     -0.02213269      1.91541175      0.00000000
  N      3    7     -1.17840874     -1.47034963     -0.00000000
  N      4    7     -2.06912523      0.58482266      0.00000000
  N      5    7      1.87296022     -1.79117643     -0.00000000
  C      6    6      1.29026180      1.69525713      0.00000000
  C      7    6     -0.70757697      0.77138093      0.00000000
  C      8    6     -0.17789318     -0.51725539     -0.00000000
  C      9    6      1.22552274     -0.60755281     -0.00000000
  C     10    6     -2.28299045     -0.77446763     -0.00000000
  H     11    1     -2.76356369      1.31172362      0.00000000
  H     12    1     -3.27766143     -1.18864608     -0.00000000
  H     13    1      1.92065024      2.57638112      0.00000000
  H     14    1      1.35622854     -2.65035184     -0.00000000
  H     15    1      2.87602238     -1.79983315     -0.00000000
[GTO]
1    0
S    1    1.000000
   6.29348000E+03    1.96979000E-03 
S    1    1.000000
   9.49044000E+02    1.49613000E-02 
S    1    1.000000
   2.18776000E+02    7.35006000E-02 
S    1    1.000000
   6.36916000E+01    2.48937000E-01 
S    1    1.000000
   1.88282000E+01    6.02460000E-01 
S    1    1.000000
   2.72023000E+00    2.56202000E-01 
SP   3    1.000000
   3.06331000E+01    1.11906000E-01   3.83119000E-02 
   7.02614000E+00    9.21666000E-01   2.37403000E-01 
   2.11205000E+00   -2.56919000E-03   8.17592000E-01 
SP   1    1.000000
   6.84009000E-01    1.00000000E+00   1.00000000E+00 
SP   1    1.000000
   2.00878000E-01    1.00000000E+00   1.00000000E+00 
SP   1    1.000000
   6.39000000E-02    1.00000000E+00   1.00000000E+00 
SP   1    1.000000
   1.92469880E-02    1.00000000E+00   1.00000000E+00 
D    1    1.000000
   9.13000000E-01    1.00000000E+00 

2    0
S    1    1.000000
   6.29348000E+03    1.96979000E-03 
S    1    1.000000
   9.49044000E+02    1.49613000E-02 
S    1    1.000000
   2.18776000E+02    7.35006000E-02 
S    1    1.000000
   6.36916000E+01    2.48937000E-01 
S    1    1.000000
   1.88282000E+01    6.02460000E-01 
S    1    1.000000
   2.72023000E+00    2.56202000E-01 
SP   3    1.000000
   3.06331000E+01    1.11906000E-01   3.83119000E-02 
   7.02614000E+00    9.21666000E-01   2.37403000E-01 
   2.11205000E+00   -2.56919000E-03   8.17592000E-01 
SP   1    1.000000
   6.84009000E-01    1.00000000E+00   1.00000000E+00 
SP   1    1.000000
   2.00878000E-01    1.00000000E+00   1.00000000E+00 
SP   1    1.000000
   6.39000000E-02    1.00000000E+00   1.00000000E+00 
SP   1    1.000000
   1.92469880E-02    1.00000000E+00   1.00000000E+00 
D    1    1.000000
   9.13000000E-01    1.00000000E+00 

3    0
S    1    1.000000
   6.29348000E+03    1.96979000E-03 
S    1    1.000000
   9.49044000E+02    1.49613000E-02 
S    1    1.000000
   2.18776000E+02    7.35006000E-02 
S    1    1.000000
   6.36916000E+01    2.48937000E-01 
S    1    1.000000
   1.88282000E+01    6.02460000E-01 
S    1    1.000000
   2.72023000E+00    2.56202000E-01 
SP   3    1.000000
   3.06331000E+01    1.11906000E-01   3.83119000E-02 
   7.02614000E+00    9.21666000E-01   2.37403000E-01 
   2.11205000E+00   -2.56919000E-03   8.17592000E-01 
SP   1    1.000000
   6.84009000E-01    1.00000000E+00   1.00000000E+00 
SP   1    1.000000
   2.00878000E-01    1.00000000E+00   1.00000000E+00 
SP   1    1.000000
   6.39000000E-02    1.00000000E+00   1.00000000E+00 
SP   1    1.000000
   1.92469880E-02    1.00000000E+00   1.00000000E+00 
D    1    1.000000
   9.13000000E-01    1.00000000E+00 

4    0
S    1    1.000000
   6.29348000E+03    1.96979000E-03 
S    1    1.000000
   9.49044000E+02    1.49613000E-02 
S    1    1.000000
   2.18776000E+02    7.35006000E-02 
S    1    1.000000
   6.36916000E+01    2.48937000E-01 
S    1    1.000000
   1.88282000E+01    6.02460000E-01 
S    1    1.000000
   2.72023000E+00    2.56202000E-01 
SP   3    1.000000
   3.06331000E+01    1.11906000E-01   3.83119000E-02 
   7.02614000E+00    9.21666000E-01   2.37403000E-01 
   2.11205000E+00   -2.56919000E-03   8.17592000E-01 
SP   1    1.000000
   6.84009000E-01    1.00000000E+00   1.00000000E+00 
SP   1    1.000000
   2.00878000E-01    1.00000000E+00   1.00000000E+00 
SP   1    1.000000
   6.39000000E-02    1.00000000E+00   1.00000000E+00 
SP   1    1.000000
   1.92469880E-02    1.00000000E+00   1.00000000E+00 
D    1    1.000000
   9.13000000E-01    1.00000000E+00 

5    0
S    1    1.000000
   6.29348000E+03    1.96979000E-03 
S    1    1.000000
   9.49044000E+02    1.49613000E-02 
S    1    1.000000
   2.18776000E+02    7.35006000E-02 
S    1    1.000000
   6.36916000E+01    2.48937000E-01 
S    1    1.000000
   1.88282000E+01    6.02460000E-01 
S    1    1.000000
   2.72023000E+00    2.56202000E-01 
SP   3    1.000000
   3.06331000E+01    1.11906000E-01   3.83119000E-02 
   7.02614000E+00    9.21666000E-01   2.37403000E-01 
   2.11205000E+00   -2.56919000E-03   8.17592000E-01 
SP   1    1.000000
   6.84009000E-01    1.00000000E+00   1.00000000E+00 
SP   1    1.000000
   2.00878000E-01    1.00000000E+00   1.00000000E+00 
SP   1    1.000000
   6.39000000E-02    1.00000000E+00   1.00000000E+00 
SP   1    1.000000
   1.92469880E-02    1.00000000E+00   1.00000000E+00 
D    1    1.000000
   9.13000000E-01    1.00000000E+00 

6    0
S    6    1.000000
   4.56324000E+03    1.96665000E-03 
   6.82024000E+02    1.52306000E-02 
   1.54973000E+02    7.61269000E-02 
   4.44553000E+01    2.60801000E-01 
   1.30290000E+01    6.16462000E-01 
   1.82773000E+00    2.21006000E-01 
SP   3    1.000000
   2.09642000E+01    1.14660000E-01   4.02487000E-02 
   4.80331000E+00    9.19999000E-01   2.37594000E-01 
   1.45933000E+00   -3.03068000E-03   8.15854000E-01 
SP   1    1.000000
   4.83456000E-01    1.00000000E+00   1.00000000E+00 
SP   1    1.000000
   1.45585000E-01    1.00000000E+00   1.00000000E+00 
SP   1    1.000000
   4.38000000E-02    1.00000000E+00   1.00000000E+00 
SP   1    1.000000
   1.31927711E-02    1.00000000E+00   1.00000000E+00 
D    1    1.000000
   6.26000000E-01    1.00000000E+00 

7    0
S    6    1.000000
   4.56324000E+03    1.96665000E-03 
   6.82024000E+02    1.52306000E-02 
   1.54973000E+02    7.61269000E-02 
   4.44553000E+01    2.60801000E-01 
   1.30290000E+01    6.16462000E-01 
   1.82773000E+00    2.21006000E-01 
SP   3    1.000000
   2.09642000E+01    1.14660000E-01   4.02487000E-02 
   4.80331000E+00    9.19999000E-01   2.37594000E-01 
   1.45933000E+00   -3.03068000E-03   8.15854000E-01 
SP   1    1.000000
   4.83456000E-01    1.00000000E+00   1.00000000E+00 
SP   1    1.000000
   1.45585000E-01    1.00000000E+00   1.00000000E+00 
SP   1    1.000000
   4.38000000E-02    1.00000000E+00   1.00000000E+00 
SP   1    1.000000
   1.31927711E-02    1.00000000E+00   1.00000000E+00 
D    1    1.000000
   6.26000000E-01    1.00000000E+00 

8    0
S    6    1.000000
   4.56324000E+03    1.96665000E-03 
   6.82024000E+02    1.52306000E-02 
   1.54973000E+02    7.61269000E-02 
   4.44553000E+01    2.60801000E-01 
   1.30290000E+01    6.16462000E-01 
   1.82773000E+00    2.21006000E-01 
SP   3    1.000000
   2.09642000E+01    1.14660000E-01   4.02487000E-02 
   4.80331000E+00    9.19999000E-01   2.37594000E-01 
   1.45933000E+00   -3.03068000E-03   8.15854000E-01 
SP   1    1.000000
   4.83456000E-01    1.00000000E+00   1.00000000E+00 
SP   1    1.000000
   1.45585000E-01    1.00000000E+00   1.00000000E+00 
SP   1    1.000000
   4.38000000E-02    1.00000000E+00   1.00000000E+00 
SP   1    1.000000
   1.31927711E-02    1.00000000E+00   1.00000000E+00 
D    1    1.000000
   6.26000000E-01    1.00000000E+00 

9    0
S    6    1.000000
   4.56324000E+03    1.96665000E-03 
   6.82024000E+02    1.52306000E-02 
   1.54973000E+02    7.61269000E-02 
   4.44553000E+01    2.60801000E-01 
   1.30290000E+01    6.16462000E-01 
   1.82773000E+00    2.21006000E-01 
SP   3    1.000000
   2.09642000E+01    1.14660000E-01   4.02487000E-02 
   4.80331000E+00    9.19999000E-01   2.37594000E-01 
   1.45933000E+00   -3.03068000E-03   8.15854000E-01 
SP   1    1.000000
   4.83456000E-01    1.00000000E+00   1.00000000E+00 
SP   1    1.000000
   1.45585000E-01    1.00000000E+00   1.00000000E+00 
SP   1    1.000000
   4.38000000E-02    1.00000000E+00   1.00000000E+00 
SP   1    1.000000
   1.31927711E-02    1.00000000E+00   1.00000000E+00 
D    1    1.000000
   6.26000000E-01    1.00000000E+00 

10    0
S    6    1.000000
   4.56324000E+03    1.96665000E-03 
   6.82024000E+02    1.52306000E-02 
   1.54973000E+02    7.61269000E-02 
   4.44553000E+01    2.60801000E-01 
   1.30290000E+01    6.16462000E-01 
   1.82773000E+00    2.21006000E-01 
SP   3    1.000000
   2.09642000E+01    1.14660000E-01   4.02487000E-02 
   4.80331000E+00    9.19999000E-01   2.37594000E-01 
   1.45933000E+00   -3.03068000E-03   8.15854000E-01 
SP   1    1.000000
   4.83456000E-01    1.00000000E+00   1.00000000E+00 
SP   1    1.000000
   1.45585000E-01    1.00000000E+00   1.00000000E+00 
SP   1    1.000000
   4.38000000E-02    1.00000000E+00   1.00000000E+00 
SP   1    1.000000
   1.31927711E-02    1.00000000E+00   1.00000000E+00 
D    1    1.000000
   6.26000000E-01    1.00000000E+00 

11    0
S    3    1.000000
   3.38650000E+01    2.54938000E-02 
   5.09479000E+00    1.90373000E-01 
   1.15879000E+00    8.52161000E-01 
S    1    1.000000
   3.25840000E-01    1.00000000E+00 
S    1    1.000000
   1.02741000E-01    1.00000000E+00 
S    1    1.000000
   3.60000000E-02    1.00000000E+00 
P    1    1.000000
   7.50000000E-01    1.00000000E+00 

12    0
S    3    1.000000
   3.38650000E+01    2.54938000E-02 
   5.09479000E+00    1.90373000E-01 
   1.15879000E+00    8.52161000E-01 
S    1    1.000000
   3.25840000E-01    1.00000000E+00 
S    1    1.000000
   1.02741000E-01    1.00000000E+00 
S    1    1.000000
   3.60000000E-02    1.00000000E+00 
P    1    1.000000
   7.50000000E-01    1.00000000E+00 

13    0
S    3    1.000000
   3.38650000E+01    2.54938000E-02 
   5.09479000E+00    1.90373000E-01 
   1.15879000E+00    8.52161000E-01 
S    1    1.000000
   3.25840000E-01    1.00000000E+00 
S    1    1.000000
   1.02741000E-01    1.00000000E+00 
S    1    1.000000
   3.60000000E-02    1.00000000E+00 
P    1    1.000000
   7.50000000E-01    1.00000000E+00 

14    0
S    3    1.000000
   3.38650000E+01    2.54938000E-02 
   5.09479000E+00    1.90373000E-01 
   1.15879000E+00    8.52161000E-01 
S    1    1.000000
   3.25840000E-01    1.00000000E+00 
S    1    1.000000
   1.02741000E-01    1.00000000E+00 
S    1    1.000000
   3.60000000E-02    1.00000000E+00 
P    1    1.000000
   7.50000000E-01    1.00000000E+00 

15    0
S    3    1.000000
   3.38650000E+01    2.54938000E-02 
   5.09479000E+00    1.90373000E-01 
   1.15879000E+00    8.52161000E-01 
S    1    1.000000
   3.25840000E-01    1.00000000E+00 
S    1    1.000000
   1.02741000E-01    1.00000000E+00 
S    1    1.000000
   3.60000000E-02    1.00000000E+00 
P    1    1.000000
   7.50000000E-01    1.00000000E+00 

[MO]
Sym=X
Ene=0.94633
Spin=Alpha
Occup=1
1    -0.0010973246
2    -0.0083547102
3    -0.0409382769
4    -0.138943999
5    -0.335997234
6    -0.143976928
7    -0.467594054
8    0.00218342558
9    6.75643073e-05
10    -6.19584634e-17
11    -0.00389012928
12    -0.00111449455
13    -6.50091157e-05
14    3.42988018e-15
15    0.000231486727
16    0.000628696519
17    7.38312914e-05
18    -8.2279333e-15
19    -0.0043475655
20    -0.000150546585
21    0.000323581538
22    5.1361763e-14
23    -0.00606633094
24    0.000918978294
25    0.000579086277
26    4.5585296e-14
27    2.68820415e-05
28    1.05589529e-16
29    8.68709441e-05
30    -1.68640603e-16
31    -8.86835088e-05
32    -4.33061939e-06
33    -3.30347035e-05
34    -0.000161422114
35    -0.000549606301
36    -0.0013138712
37    -0.000513922476
38    -0.00188107269
39    2.43641401e-05
40    -4.84947614e-06
41    -6.15981023e-16
42    -8.38099264e-05
43    -0.000106433155
44    3.27666448e-05
45    3.72912279e-15
46    -0.000301988935
47    -1.91788652e-05
48    7.61257973e-05
49    -7.97641848e-15
50    5.4761411e-06
51    0.000188231341
52    0.000222954392
53    4.50559491e-14
54    0.00264353176
55    0.000696274409
56    -0.00031932275
57    3.03580377e-14
58    3.16918934e-05
59    6.2332741e-17
60    2.10662302e-05
61    -2.27245276e-16
62    -3.69855418e-05
63    7.61047312e-08
64    5.58560687e-07
65    2.88840921e-06
66    9.21290088e-06
67    2.71735522e-05
68    2.6240802e-05
69    2.19573307e-05
70    5.52822433e-06
71    1.04122067e-06
72    4.31560235e-17
73    -2.61478923e-05
74    -2.8145431e-05
75    -1.03995606e-05
76    -2.86675885e-15
77    -3.24457932e-06
78    1.33353558e-05
79    6.74065084e-06
80    1.1892031e-14
81    -3.61041183e-05
82    -0.000176140179
83    8.14422669e-05
84    -5.10126422e-14
85    0.0011432543
86    0.000119128841
87    0.000397350591
88    2.24016846e-14
89    -8.67991419e-06
90    3.59023523e-16
91    4.90626086e-06
92    3.83974003e-17
93    -8.71162861e-06
94    1.36922589e-08
95    8.25223859e-08
96    5.61106682e-07
97    1.29603188e-06
98    8.3373001e-06
99    2.01611196e-05
100    -5.83079272e-06
101    5.01620098e-06
102    8.81983165e-07
103    -1.58399874e-16
104    -3.80956132e-05
105    -2.65629548e-05
106    -3.09324764e-06
107    -5.16319392e-16
108    0.000123233173
109    0.000103406612
110    -1.12877091e-05
111    1.42037105e-15
112    0.000584726435
113    0.000110121941
114    -1.72440084e-05
115    1.18926633e-14
116    -5.11459893e-05
117    -5.02309425e-06
118    4.28933543e-05
119    -2.43692607e-14
120    -3.17185311e-06
121    -5.60896223e-16
122    1.91004118e-06
123    9.07496199e-18
124    -8.37293544e-06
125    -4.65914718e-07
126    -3.58223526e-06
127    -1.73044035e-05
128    -5.97090545e-05
129    -0.000136013013
130    -3.29636978e-05
131    -0.000218523137
132    -3.22697065e-07
133    2.36563504e-05
134    -4.45242054e-17
135    -3.15026203e-05
136    1.54663133e-05
137    -8.10918857e-05
138    1.20895436e-15
139    -4.49127666e-06
140    -0.000114505617
141    -2.07343481e-05
142    -4.13665026e-15
143    0.000923507683
144    -0.000562566438
145    -0.000226273388
146    2.67012528e-14
147    0.00172967469
148    7.8913033e-05
149    0.000272431311
150    -1.59519793e-14
151    5.6559223e-06
152    -2.57012144e-16
153    1.42235792e-05
154    -2.70046291e-16
155    4.94470098e-05
156    -2.45835411e-05
157    4.95949173e-05
158    -1.96203733e-05
159    3.40408515e-05
160    -5.15897724e-17
161    -0.000244105733
162    -0.000226141747
163    0.000500983412
164    3.20374423e-15
165    0.000382608675
166    1.00384944e-05
167    -0.000179202714
168    -3.06378131e-15
169    -0.000406552322
170    0.00086202642
171    7.67894011e-06
172    -3.40864118e-14
173    0.000732043862
174    -0.000261811349
175    -0.000109390936
176    -6.77030776e-14
177    0.000177437559
178    -1.89971139e-16
179    3.2817089e-05
180    -2.05125284e-16
181    0.000251993688
182    -1.59608117e-06
183    6.8619955e-06
184    7.94022025e-06
185    -5.78961919e-06
186    8.04278794e-17
187    -4.88992218e-05
188    -4.9147759e-05
189    3.76047334e-05
190    6.19263871e-16
191    0.000133809698
192    0.000324256017
193    0.000129337735
194    1.24453094e-15
195    0.0020539862
196    0.000431071939
197    3.83098441e-05
198    -1.04307156e-13
199    -0.00116638665
200    -0.00164061062
201    -0.000277956803
202    8.45145702e-14
203    2.77925264e-05
204    -9.21858017e-17
205    -5.28239749e-07
206    7.96463455e-16
207    3.01986528e-05
208    -4.05887398e-06
209    9.47369614e-06
210    2.6462976e-05
211    -7.02804018e-06
212    3.58653035e-16
213    -6.72625805e-05
214    -0.000182052408
215    3.36766861e-05
216    -4.56303589e-17
217    0.000209775674
218    0.000259573179
219    -8.20125373e-05
220    -4.66952695e-15
221    0.00505621235
222    0.00216591109
223    -0.00160349568
224    1.60935173e-13
225    -0.000477981766
226    0.00223814379
227    -0.000123390378
228    -1.05193009e-13
229    3.50606559e-06
230    3.05691514e-16
231    2.78813263e-06
232    8.79957567e-16
233    -8.39904091e-05
234    -2.69185251e-05
235    5.884856e-05
236    -2.80786799e-05
237    -2.52944839e-05
238    -1.45419669e-16
239    -0.000281319246
240    -0.000319558115
241    -0.000517811154
242    2.10949772e-15
243    0.000203374165
244    0.000360800381
245    0.000413136229
246    1.35765856e-15
247    -0.00351804628
248    0.00331598247
249    0.00245285549
250    -1.29091027e-13
251    0.000370383265
252    -0.00041062023
253    0.00089693087
254    6.05029495e-14
255    -0.000243499653
256    4.78848741e-16
257    5.80630399e-05
258    3.92366256e-16
259    0.000235214301
260    -3.73082068e-07
261    1.26159743e-06
262    2.0081499e-08
263    5.68208242e-07
264    1.16545392e-16
265    -1.37138742e-05
266    -2.37507134e-06
267    -6.93122079e-06
268    -1.2068564e-15
269    1.74607479e-05
270    8.69105694e-05
271    4.01749416e-05
272    -1.55044483e-15
273    -9.62274655e-05
274    5.32727297e-05
275    0.000135724919
276    8.74751922e-15
277    0.000779930908
278    0.000216117629
279    -0.000419645683
280    -6.76671754e-15
281    9.09419652e-07
282    -2.47060382e-16
283    -4.90800248e-06
284    -8.7209013e-16
285    2.39864924e-06
286    -2.46839008e-06
287    1.76740231e-05
288    -1.59681219e-05
289    -7.55030162e-05
290    -2.05210289e-06
291    -2.81207587e-06
292    -4.29035266e-16
293    -2.95501097e-06
294    1.31533315e-05
295    6.95710822e-05
296    9.77246091e-05
297    1.88970198e-07
298    5.76573478e-07
299    2.63450261e-16
300    -1.1557384e-05
301    -0.000107508893
302    6.09423753e-05
303    -0.000629853882
304    9.31872971e-06
305    8.55333321e-05
306    -1.47899827e-16
307    -3.20864627e-06
308    -2.65478864e-05
309    -0.000281061302
310    0.000142021687
311    3.30682504e-07
312    -1.04769817e-05
313    -2.9982037e-16
314    -5.57609768e-06
315    5.27722597e-05
316    0.000135586486
317    -0.000222450738
318    3.06248947e-06
319    1.22238771e-05
320    1.59918171e-16
Sym=X
Ene=0.945547
Spin=Alpha
Occup=1
1    -4.33606563e-06
2    -3.29447079e-05
3    -0.000161923513
4    -0.00054764605
5    -0.0013409529
6    -0.000627575167
7    -0.00180903481
8    3.11498326e-05
9    -2.1221972e-05
10    -1.63456345e-15
11    6.88121391e-05
12    -7.78091316e-05
13    8.89035788e-05
14    1.23889897e-15
15    0.000162628583
16    2.67606205e-06
17    2.37100593e-05
18    -1.09341009e-14
19    -0.00047580794
20    -8.9161548e-05
21    -0.000182397289
22    4.98336977e-14
23    -0.00326066262
24    0.000845580528
25    -0.000544358323
26    5.53007348e-14
27    -5.00387312e-05
28    3.63570665e-16
29    -1.71754431e-05
30    3.19084306e-16
31    -9.27156009e-06
32    0.0010973439
33    0.00835481313
34    0.0409391008
35    0.138944998
36    0.336008692
37    0.14396581
38    0.467605199
39    0.000721209529
40    -0.00214377206
41    -9.09461795e-16
42    0.00385511034
43    -0.000321118617
44    0.00114122881
45    2.09122359e-15
46    -0.000327147814
47    0.000130335207
48    -0.000651498465
49    -7.59348797e-15
50    0.00550454344
51    -0.000502902139
52    -0.000265079131
53    4.34648785e-14
54    0.00959708078
55    -0.00129709354
56    -0.00192211853
57    2.65430249e-14
58    -9.41753221e-05
59    -5.06300373e-17
60    -7.34465089e-05
61    -1.85790317e-17
62    -3.59169639e-05
63    -2.89564276e-07
64    -2.1674343e-06
65    -1.08896637e-05
66    -3.5913041e-05
67    -9.56926928e-05
68    -6.85311236e-05
69    -0.000103936064
70    -4.68821699e-06
71    -6.73642682e-06
72    -3.28825542e-16
73    5.40583658e-05
74    2.70103578e-05
75    3.86086624e-05
76    -5.91495684e-16
77    -3.3878039e-05
78    -5.07442889e-05
79    -3.7312154e-05
80    3.84739499e-15
81    0.000490679734
82    -0.000124740898
83    0.000172534699
84    -2.49514314e-14
85    0.00123617606
86    0.00019452629
87    0.000376675741
88    -5.82529246e-14
89    1.54514396e-05
90    3.4320696e-16
91    -6.44647247e-06
92    -4.86941687e-16
93    -3.89454667e-06
94    2.23293246e-07
95    1.70984484e-06
96    8.31056555e-06
97    2.8478938e-05
98    6.65269123e-05
99    2.21715954e-05
100    0.000101472004
101    -1.00318578e-05
102    -1.19810758e-05
103    -3.95291787e-17
104    -5.3686989e-06
105    1.76384365e-05
106    2.6845718e-05
107    1.11087753e-15
108    7.58431865e-06
109    -1.05350421e-05
110    0.000126158972
111    3.99288946e-16
112    -0.00228916175
113    -0.000248346514
114    -0.000138182184
115    1.304373e-14
116    -0.00661098052
117    -0.00126693572
118    -0.000596401089
119    1.84785551e-14
120    3.63141088e-05
121    -2.34089002e-16
122    -8.00973303e-06
123    -3.4601323e-16
124    4.38698339e-06
125    -3.18856208e-08
126    -2.23881589e-07
127    -1.23321842e-06
128    -3.6564992e-06
129    -1.33559147e-05
130    -2.00133421e-05
131    -3.44841147e-06
132    3.19693464e-06
133    -4.13627844e-06
134    -1.7835335e-15
135    3.34741888e-05
136    -1.65289331e-05
137    2.24587689e-05
138    2.10852481e-15
139    -0.000120695671
140    6.600095e-05
141    -4.09542749e-05
142    -9.87485979e-15
143    -6.86960017e-05
144    0.000324072984
145    2.91537788e-05
146    2.93430722e-14
147    -0.000561125457
148    -6.94348575e-05
149    -0.000139656639
150    1.28629814e-16
151    -9.58996631e-06
152    -2.15519917e-16
153    1.1943941e-07
154    -8.83767419e-17
155    -3.1873349e-06
156    2.70197693e-05
157    -5.42759372e-05
158    -4.19579825e-05
159    8.44258334e-06
160    -9.8703126e-16
161    0.00027520194
162    -0.000576756874
163    4.34018905e-05
164    8.32427858e-16
165    -0.000366630271
166    0.000161414928
167    5.73795185e-05
168    -6.80408334e-15
169    0.00164548708
170    -0.000364551837
171    -0.00117111864
172    -4.08249593e-14
173    0.00537954429
174    -0.000949046514
175    7.94879745e-05
176    -1.10762371e-14
177    8.00805218e-06
178    2.61968195e-16
179    -3.1343299e-05
180    -1.19213255e-16
181    0.000317015081
182    2.75679036e-05
183    -7.19433882e-05
184    1.65000839e-05
185    2.82610503e-05
186    -7.52120219e-16
187    0.000314933709
188    0.000312676865
189    0.000627530809
190    1.28362136e-15
191    -0.000432875771
192    -0.000327915657
193    -0.000509163341
194    -2.73068278e-15
195    0.00496949986
196    -0.00364132283
197    -0.00548526004
198    -9.26826425e-14
199    -0.00509494826
200    -0.00310676892
201    -0.00153771184
202    -9.65920952e-14
203    0.000353306473
204    -3.54931778e-16
205    -8.30576773e-05
206    2.66072944e-17
207    -5.56491205e-05
208    3.64424109e-06
209    -1.18752832e-05
210    5.0044148e-06
211    -3.40227808e-05
212    -7.72313598e-16
213    7.74040445e-05
214    -4.82395028e-05
215    0.000199450006
216    -4.9699276e-16
217    -0.000180990535
218    -0.000129554024
219    -0.000114107838
220    -6.75575135e-15
221    -0.00567204432
222    0.00353668346
223    -0.0022302063
224    1.4403501e-13
225    -0.00515280584
226    0.00375863646
227    0.000227070803
228    1.97205124e-13
229    -4.84770281e-05
230    -3.24060079e-16
231    -6.07759181e-06
232    -2.95348711e-16
233    -0.000106951316
234    1.28543523e-06
235    -7.25471103e-06
236    9.07851059e-06
237    -5.66996826e-06
238    -2.10281237e-15
239    3.81235287e-05
240    -6.59767322e-05
241    3.25949418e-05
242    -1.26472057e-16
243    0.000219645924
244    -2.97944729e-05
245    -0.000162310624
246    -2.20497464e-15
247    -0.0033943208
248    0.000280420202
249    0.000387337305
250    -1.32811873e-13
251    -0.00110940368
252    -0.000275663786
253    0.00038619029
254    -1.0236461e-13
255    7.38289647e-06
256    3.43620787e-16
257    -6.92497846e-06
258    -5.84764467e-17
259    3.70482374e-05
260    1.79683684e-07
261    -2.44483966e-06
262    1.23515133e-06
263    2.18416766e-06
264    4.58132124e-16
265    2.09815827e-05
266    2.148319e-06
267    6.55495423e-07
268    3.37194347e-16
269    4.87518734e-05
270    -0.000144349962
271    7.68620605e-05
272    -1.73704772e-15
273    -0.00141384189
274    -0.000419716001
275    -0.000583549741
276    2.63007851e-15
277    0.00583697953
278    0.00140827614
279    -0.000130665831
280    -5.47782039e-15
281    2.76833709e-06
282    1.11056827e-16
283    3.27285324e-06
284    -4.29138499e-16
285    -8.21377821e-06
286    1.10846674e-05
287    -7.046179e-05
288    0.000214653388
289    0.00022156721
290    -1.98212158e-05
291    -7.31538725e-06
292    -3.90207545e-16
293    4.34843327e-06
294    -3.24084598e-05
295    -9.36554169e-05
296    -0.000259754561
297    -2.62051452e-06
298    -3.10415481e-06
299    7.5964525e-16
300    1.45501725e-05
301    0.000108075255
302    -3.78424057e-05
303    0.00127569158
304    -7.98791559e-05
305    -4.13243106e-05
306    -1.27983647e-16
307    2.13805629e-06
308    1.65221976e-05
309    8.52534813e-05
310    -4.49860935e-05
311    7.13003722e-07
312    5.46951421e-06
313    -5.1012078e-16
314    -8.172415e-08
315    5.89173818e-06
316    -0.000167852678
317    8.54212017e-05
318    -1.30055538e-06
319    2.82509922e-06
320    -4.03174804e-16
Sym=X
Ene=0.947822
Spin=Alpha
Occup=1
1    -7.511485e-08
2    -5.7862262e-07
3    -2.78640324e-06
4    -9.64968079e-06
5    -2.18157217e-05
6    -5.40460082e-06
7    -3.51300839e-05
8    -1.78643327e-06
9    1.73271675e-06
10    -1.28807875e-15
11    -6.97712014e-06
12    9.23782639e-06
13    -4.33773131e-06
14    -2.46403895e-16
15    1.61620718e-05
16    4.59699347e-05
17    -4.54599318e-05
18    -4.6023158e-15
19    5.18815005e-06
20    -0.000177557323
21    0.000176201909
22    4.8068486e-14
23    0.000395247269
24    -0.000518557447
25    0.000778822381
26    6.30819776e-14
27    -9.3080179e-07
28    5.10868953e-16
29    6.29235111e-07
30    -6.39635477e-17
31    -1.21821502e-05
32    -2.8679593e-07
33    -2.21865517e-06
34    -1.06179364e-05
35    -3.70208803e-05
36    -8.11575064e-05
37    -8.31993556e-06
38    -0.000140722281
39    -5.56022995e-06
40    -7.12418544e-06
41    -9.46454757e-16
42    -5.2998057e-05
43    3.24169465e-05
44    5.07008419e-05
45    3.15298359e-15
46    3.19706378e-06
47    -6.58533513e-05
48    -1.7329896e-05
49    -9.43480853e-15
50    -0.000253248629
51    -0.000103190928
52    4.14925e-07
53    5.91135817e-14
54    -0.00151962191
55    0.000102111722
56    0.000214995117
57    2.4458377e-15
58    -1.39347055e-05
59    5.60332064e-17
60    7.66125832e-06
61    1.76201306e-16
62    1.8212903e-05
63    -0.0010974094
64    -0.00835528999
65    -0.0409416308
66    -0.138951857
67    -0.336026301
68    -0.143870393
69    -0.467689481
70    0.000184511097
71    -0.00223970777
72    -1.03236092e-15
73    -0.00381175682
74    -7.76269577e-05
75    0.00115799813
76    1.37292802e-15
77    0.000466758656
78    3.99482612e-05
79    -0.000584871856
80    -3.02304689e-15
81    -0.00441584588
82    -0.000498719867
83    6.10133607e-06
84    -6.16054563e-15
85    -0.00537696139
86    -0.0009027743
87    -0.000871753261
88    -2.25949663e-13
89    6.67508201e-05
90    8.34072612e-17
91    9.20641553e-05
92    -4.22407928e-16
93    0.000116457032
94    -5.20205743e-07
95    -4.03782473e-06
96    -1.9234825e-05
97    -6.74199261e-05
98    -0.000144082709
99    1.41435367e-06
100    -0.00026715457
101    1.03844017e-06
102    -2.29160193e-05
103    1.03789039e-15
104    -0.000119703256
105    -1.37601629e-05
106    9.19708497e-05
107    -2.92103924e-15
108    7.2546866e-05
109    0.000107289055
110    -6.80643021e-05
111    9.13673151e-15
112    0.000641696589
113    7.61065477e-05
114    -0.000226472181
115    -5.68691785e-15
116    0.00294990948
117    0.000432007834
118    -0.000505721647
119    1.42895822e-13
120    -2.57463127e-05
121    1.94800769e-16
122    1.40397601e-05
123    -1.06328991e-16
124    3.06996025e-05
125    -8.35118976e-08
126    -6.47336118e-07
127    -3.08952826e-06
128    -1.08012134e-05
129    -2.32189907e-05
130    6.72159232e-07
131    -4.24922535e-05
132    6.41705533e-07
133    7.44288903e-06
134    -7.02036772e-16
135    -2.0694833e-05
136    1.03164382e-06
137    -3.89479749e-05
138    -8.91650365e-16
139    -9.38312869e-06
140    6.52518677e-06
141    7.02422056e-05
142    -3.04322655e-15
143    0.00118342306
144    0.000253124492
145    0.000187822559
146    1.62351225e-14
147    0.00273369764
148    -0.000244969633
149    0.000435946043
150    7.56771687e-14
151    8.65301731e-06
152    -1.62114052e-16
153    3.92643748e-06
154    1.00737239e-16
155    1.21341394e-05
156    -1.45968439e-07
157    1.10090066e-06
158    -1.3756951e-06
159    2.76682224e-06
160    -6.75144538e-16
161    -8.96674925e-06
162    1.40494066e-05
163    -9.35010354e-06
164    2.17548012e-15
165    0.000115182834
166    -7.71037237e-05
167    -8.65494669e-06
168    -9.75531141e-15
169    -0.00147855044
170    0.000169405969
171    0.000572944371
172    -4.44407479e-14
173    -0.00763744749
174    0.000880679129
175    0.00078562852
176    1.34302219e-13
177    6.94939753e-06
178    4.08210091e-16
179    -6.17131277e-06
180    -5.97608967e-16
181    -7.66848288e-06
182    -3.74398848e-06
183    1.05918449e-05
184    9.16571556e-06
185    -2.00905574e-05
186    -1.79265719e-16
187    -9.04415071e-05
188    -3.58948571e-05
189    0.000157844276
190    -3.0847872e-16
191    -9.08028862e-05
192    8.27121874e-05
193    -0.000120641016
194    -4.98463978e-16
195    0.00604575574
196    0.00132880608
197    -0.000630479478
198    -1.07377828e-13
199    0.00336464498
200    0.00227904653
201    0.00135222542
202    -4.70178756e-13
203    8.80283522e-05
204    5.50897276e-16
205    -2.78310567e-06
206    1.07651555e-15
207    3.76059872e-05
208    -1.88604213e-05
209    6.31314367e-05
210    8.28289853e-06
211    1.04066041e-05
212    -1.0646645e-15
213    -0.000265924777
214    0.000416552591
215    0.000456918144
216    -8.11567177e-16
217    2.20291757e-05
218    -0.000671331239
219    -0.000223839431
220    -4.45797147e-15
221    -0.000115391238
222    0.000135613491
223    -0.00463257912
224    1.44084529e-13
225    0.00515777296
226    -0.00233890208
227    -0.00120047366
228    8.84105447e-13
229    -0.000318630155
230    -9.92650392e-17
231    7.80356285e-05
232    -9.45311216e-16
233    -7.89885389e-05
234    -8.16068702e-07
235    1.64541223e-06
236    -2.0922329e-05
237    -6.57437196e-06
238    -2.70510664e-15
239    -1.30634066e-05
240    6.98750011e-05
241    1.71791871e-05
242    1.34252228e-15
243    0.000374144694
244    -0.000381457781
245    5.83243279e-05
246    -7.05854541e-15
247    -0.00191753529
248    0.00045270887
249    0.00218468227
250    -1.22016197e-13
251    0.00228046093
252    0.000515379782
253    0.00102646714
254    -5.17957431e-13
255    -6.15118973e-05
256    2.52537522e-16
257    1.61559245e-06
258    -8.59389119e-16
259    -3.99657317e-05
260    -3.50464877e-05
261    6.92234958e-05
262    -5.14076795e-05
263    2.95589539e-05
264    3.31158972e-16
265    -0.000317021718
266    -0.000537329536
267    0.000297256977
268    -1.36756925e-16
269    3.28949648e-05
270    -1.3706228e-05
271    -0.000122658554
272    -4.33794008e-15
273    0.000364474034
274    0.000105725024
275    -0.000363592911
276    1.34574209e-14
277    -0.0028476209
278    -0.000643462138
279    0.000501741771
280    -5.61922083e-14
281    0.000268840017
282    -6.24397299e-16
283    6.02096759e-05
284    -6.09055999e-16
285    -0.000205779412
286    -1.46343535e-05
287    2.78676194e-05
288    9.58162558e-05
289    0.000363694802
290    -3.36564707e-06
291    2.55425671e-06
292    -7.95716684e-16
293    -4.73298814e-06
294    -0.00013260693
295    2.37408486e-05
296    -0.000338572979
297    -7.99441764e-05
298    1.86945999e-05
299    4.47250143e-16
300    -2.32412152e-06
301    -8.25765774e-06
302    4.94806602e-05
303    -0.000467607234
304    3.18262645e-06
305    7.19224502e-07
306    4.86710837e-16
307    -5.08487652e-06
308    3.40442072e-05
309    3.68500801e-05
310    0.000211016435
311    -4.93208823e-06
312    -2.00996756e-06
313    -5.54787508e-16
314    -6.99201062e-06
315    2.89808896e-05
316    -0.000222095548
317    -8.68109108e-05
318    -3.6525771e-06
319    1.95416713e-06
320    -4.68131811e-16
Sym=X
Ene=0.950641
Spin=Alpha
Occup=1
1    -4.54288278e-07
2    -3.4222291e-06
3    -1.70291442e-05
4    -5.67771839e-05
5    -0.000146133958
6    -8.99565706e-05
7    -0.000172077884
8    4.0491934e-07
9    2.03455349e-05
10    7.73904747e-16
11    2.91982275e-05
12    -1.82593682e-05
13    -7.29887956e-05
14    -3.77323594e-15
15    0.000177740969
16    -2.93998895e-05
17    1.8037111e-05
18    9.90981192e-15
19    -0.00032878512
20    3.4077476e-05
21    0.000263866792
22    -1.23572869e-13
23    -0.000143555999
24    -0.000179968157
25    6.7251827e-05
26    -1.41620246e-13
27    1.63274842e-05
28    -5.64901052e-16
29    -1.3955426e-05
30    5.1184425e-16
31    -2.83851818e-05
32    2.7937446e-08
33    2.22532199e-07
34    1.01947442e-06
35    3.7349946e-06
36    6.67624105e-06
37    -4.72345976e-06
38    1.71656917e-05
39    5.83265716e-10
40    1.28701887e-06
41    1.86215077e-15
42    1.6112412e-05
43    -9.38401584e-07
44    -8.04274404e-06
45    -7.06233198e-15
46    -4.82898783e-05
47    3.37227534e-05
48    9.77721002e-07
49    1.93191378e-14
50    5.05794325e-05
51    0.000146815861
52    -3.94285738e-05
53    -1.25143035e-13
54    -0.000970185912
55    0.00019675539
56    8.41363725e-05
57    -2.47310306e-14
58    1.1979982e-06
59    -1.11153461e-16
60    -2.09135583e-06
61    -4.88848851e-16
62    -1.13218106e-06
63    -7.99215707e-08
64    -6.05264047e-07
65    -2.9886977e-06
66    -1.00545442e-05
67    -2.51220126e-05
68    -1.33252921e-05
69    -3.2017966e-05
70    -2.62215118e-06
71    -3.85789934e-06
72    2.94331356e-15
73    -1.012841e-05
74    7.36583221e-06
75    1.74453047e-05
76    -3.10471824e-15
77    0.000128166164
78    7.64026975e-05
79    -1.95694927e-06
80    7.23669521e-15
81    -0.000334855992
82    -0.0001962285
83    5.48477823e-06
84    2.23988904e-14
85    -0.00040948354
86    -0.000416526477
87    0.000141458273
88    4.37157019e-13
89    1.11343945e-05
90    -4.97889271e-16
91    -6.95593662e-06
92    6.77776886e-16
93    3.5585477e-06
94    8.10227856e-09
95    6.33234344e-08
96    2.98597155e-07
97    1.05960559e-06
98    2.17792025e-06
99    -6.53243426e-08
100    4.34652567e-06
101    -1.6066977e-06
102    2.41289943e-07
103    -1.47641664e-15
104    -6.53730926e-06
105    6.00010512e-06
106    2.46102084e-07
107    7.27953502e-15
108    0.000141874193
109    4.2122449e-05
110    -7.09640455e-05
111    -1.29893453e-14
112    0.000231793757
113    3.36238427e-05
114    -0.000133260783
115    1.04187946e-14
116    0.000206664267
117    0.000100808347
118    0.000244457129
119    -2.87144416e-13
120    -2.215634e-07
121    -2.2845148e-16
122    -2.17893141e-06
123    -1.81867623e-16
124    1.709047e-06
125    0.0010971545
126    0.00835375313
127    0.0409312556
128    0.138937235
129    0.335920044
130    0.144169839
131    0.467404435
132    -0.000109037873
133    0.000119045587
134    6.15347228e-16
135    0.00428474971
136    4.34371681e-05
137    -2.36192962e-05
138    -2.92349716e-15
139    -0.000509551483
140    1.16400481e-05
141    6.51015291e-05
142    3.54625941e-15
143    0.00307403919
144    -0.000330750232
145    0.000499958089
146    -4.27594031e-14
147    0.00187815199
148    -0.000407243568
149    0.00049483012
150    -1.50538986e-13
151    4.49100739e-06
152    -2.30048258e-17
153    8.03077238e-05
154    -1.11870208e-16
155    3.78601007e-06
156    -7.73344556e-08
157    -1.62161896e-06
158    1.85538285e-07
159    -5.06303007e-07
160    6.50114747e-17
161    1.1720474e-05
162    1.80056538e-06
163    -7.2940895e-06
164    -4.99178559e-15
165    -0.000153167073
166    -7.20667606e-06
167    3.70924732e-05
168    1.34810082e-14
169    -0.00128161284
170    -7.98860699e-06
171    0.000335993274
172    1.1063235e-13
173    0.00022336658
174    0.000281769182
175    -0.000333007031
176    -2.62792709e-13
177    -2.84408472e-06
178    2.67704334e-16
179    3.95689626e-06
180    1.10808991e-15
181    -5.66135834e-06
182    1.25566606e-07
183    -2.45554572e-06
184    -3.88128066e-06
185    1.98937934e-06
186    6.17981996e-16
187    2.3217356e-05
188    2.14145024e-05
189    -1.80944514e-05
190    -2.37176868e-16
191    -0.000465574691
192    9.76582467e-06
193    0.000300507358
194    1.99172055e-15
195    -0.000403399602
196    -0.000239223321
197    0.00047800075
198    2.37010905e-13
199    0.000266136312
200    0.00121176847
201    0.000679575639
202    9.61020818e-13
203    -1.79992425e-05
204    -7.31365418e-16
205    3.39449662e-06
206    -2.73249101e-15
207    -1.73839132e-06
208    1.30537764e-06
209    -4.60127065e-06
210    -2.38094914e-05
211    1.2032392e-05
212    8.48185197e-16
213    2.46430075e-05
214    0.000123016863
215    -4.5205844e-05
216    -1.30955385e-15
217    -9.41064291e-06
218    -0.00043539924
219    0.000398812439
220    1.00763689e-14
221    0.0007080236
222    -0.00122023172
223    -0.000810312728
224    -3.38083075e-13
225    -0.000114447887
226    -0.00158290154
227    2.76812698e-05
228    -1.71159232e-12
229    -4.28341449e-05
230    3.34907308e-16
231    -8.31993269e-06
232    -1.51389622e-16
233    3.43849674e-05
234    1.89935523e-05
235    -3.54194666e-05
236    3.30458032e-05
237    -5.34820548e-05
238    2.6986476e-15
239    0.000232561213
240    0.000185447271
241    -0.00031046168
242    -7.547881e-15
243    2.40639184e-05
244    -0.000325112297
245    -5.64944321e-05
246    6.93102149e-15
247    -0.000142588363
248    -0.000766016583
249    0.00236170482
250    2.89917505e-13
251    -0.000475208139
252    0.0001637094
253    -0.000773484449
254    1.01774175e-12
255    -0.000174195125
256    -4.41671055e-16
257    -9.11220939e-06
258    4.84220493e-16
259    -0.000114447725
260    2.13076093e-07
261    -8.23158697e-07
262    2.25446721e-06
263    2.3361111e-06
264    -9.53172816e-16
265    1.83686791e-05
266    -7.62721284e-06
267    -1.34934732e-05
268    4.98305135e-15
269    -0.000171862069
270    -0.000100407078
271    -8.4367493e-05
272    2.60724893e-15
273    -0.00127878671
274    -0.000560617903
275    -6.57337599e-05
276    -4.3363635e-15
277    -9.97185235e-05
278    -7.75084379e-05
279    0.000230404939
280    9.76304677e-14
281    -3.67208864e-06
282    6.69226418e-16
283    6.50937015e-06
284    1.24546672e-15
285    -2.8062044e-06
286    -1.01867215e-07
287    1.35847908e-05
288    1.51245954e-05
289    -7.49843878e-05
290    5.27086269e-07
291    6.69049632e-07
292    1.45942328e-15
293    1.53470416e-06
294    -1.15986136e-05
295    -9.04927934e-05
296    -0.000258192891
297    -1.2355523e-06
298    1.37927151e-06
299    -4.08770897e-16
300    -7.96179166e-07
301    1.76400244e-05
302    -4.42209305e-05
303    7.61151167e-06
304    3.22865003e-07
305    -4.40409569e-06
306    -1.1836339e-15
307    0.000248723856
308    0.000170270723
309    -9.70553961e-05
310    0.000309141096
311    7.24164742e-05
312    0.00012453387
313    3.56255518e-16
314    0.000246033102
315    0.000128335392
316    -6.37589237e-05
317    0.000269291569
318    -0.000129051714
319    -2.46231235e-07
320    1.51418199e-17
Sym=X
Ene=0.948833
Spin=Alpha
Occup=1
1    1.27633265e-08
2    1.05566404e-07
3    4.56636465e-07
4    1.78455022e-06
5    2.30182477e-06
6    -5.50723433e-06
7    9.91182995e-06
8    1.46618304e-06
9    2.3089957e-06
10    4.42465584e-16
11    1.11894706e-05
12    -8.87321959e-06
13    -1.37869686e-05
14    4.67971118e-15
15    1.38700289e-05
16    -2.62111017e-05
17    8.71042085e-05
18    -6.81040849e-15
19    -1.93149913e-05
20    -8.01414124e-05
21    0.000163443527
22    7.80734635e-14
23    -0.000349856602
24    -8.35294705e-05
25    9.01434829e-05
26    6.64581164e-14
27    2.23373665e-06
28    2.13223081e-16
29    -2.39715027e-06
30    -2.18997077e-16
31    -1.3349559e-06
32    -2.1805871e-07
33    -1.64009007e-06
34    -8.17854047e-06
35    -2.7199026e-05
36    -7.06790971e-05
37    -4.54585549e-05
38    -8.0443316e-05
39    1.38794848e-05
40    7.90978642e-06
41    -2.30445532e-16
42    3.06180182e-06
43    -3.60582105e-05
44    -4.02430002e-05
45    4.49976759e-15
46    0.000286795917
47    -7.7604522e-05
48    -9.31661917e-05
49    -1.09447437e-14
50    2.28251034e-05
51    4.55392815e-05
52    -5.96815217e-05
53    7.6315295e-14
54    -0.000799785018
55    0.000307849742
56    6.54667524e-05
57    6.00248022e-14
58    3.12180135e-05
59    1.33867173e-16
60    -1.28331295e-05
61    6.16014807e-16
62    2.31129701e-06
63    -5.04764066e-07
64    -3.78835953e-06
65    -1.89553251e-05
66    -6.28043103e-05
67    -0.000165066562
68    -0.000112209443
69    -0.000184279795
70    8.66186235e-06
71    -2.17428108e-05
72    -1.93764133e-15
73    6.12094682e-05
74    -4.00035601e-05
75    6.80383138e-05
76    -2.32626072e-15
77    0.000220005948
78    2.75857501e-05
79    5.45212747e-05
80    1.04849151e-15
81    -0.000147230566
82    -0.000189865597
83    2.0865414e-06
84    -4.62769372e-14
85    -0.000731866104
86    -0.000150799924
87    -3.99268102e-05
88    -1.23326715e-13
89    -2.417813e-05
90    -4.43166152e-16
91    -1.87443832e-05
92    1.72628673e-16
93    -5.76443739e-06
94    0.00109719406
95    0.00835403555
96    0.0409327617
97    0.138940246
98    0.335928517
99    0.144068704
100    0.467476605
101    3.36644471e-05
102    -4.62276639e-05
103    -1.28267511e-15
104    0.00429731073
105    3.9054735e-05
106    -3.13862746e-05
107    -1.79061381e-15
108    -0.000541907225
109    -6.73570421e-05
110    4.3969011e-05
111    -5.72389385e-15
112    0.00232138504
113    0.000672103808
114    -0.000470291362
115    1.84292603e-14
116    0.00228009324
117    0.000702260831
118    -0.000214615566
119    6.9109977e-14
120    -5.67225063e-05
121    9.52770766e-17
122    1.92173998e-05
123    2.60352433e-16
124    1.21851455e-06
125    -7.7168138e-09
126    -5.15455009e-08
127    -3.04472607e-07
128    -8.31601986e-07
129    -3.73501427e-06
130    -7.0759658e-06
131    6.18965143e-07
132    1.60018403e-06
133    -6.30360384e-07
134    1.22296556e-17
135    1.14658892e-05
136    -6.06693928e-06
137    2.66316634e-06
138    1.99526712e-15
139    -7.29733057e-06
140    -3.79953201e-05
141    -3.53686026e-05
142    -9.59099845e-16
143    9.41056374e-05
144    2.81576368e-05
145    -4.2972956e-05
146    2.6386888e-14
147    0.000142434669
148    0.000124627646
149    -1.1363192e-05
150    3.89975909e-14
151    -2.03905058e-06
152    -8.16211219e-19
153    -2.13582784e-07
154    -4.54122444e-17
155    9.21015073e-07
156    -1.30478194e-07
157    -1.76508362e-06
158    1.36473708e-07
159    1.10884208e-08
160    2.80426095e-16
161    9.7505224e-06
162    -1.36167186e-05
163    2.88093297e-07
164    5.42884744e-15
165    -0.000119447799
166    -3.21488863e-05
167    7.4791527e-05
168    -2.98279467e-15
169    -0.0010868713
170    0.000232666331
171    0.000256053711
172    -6.29796174e-14
173    -0.000548026093
174    -4.18714914e-05
175    3.81456459e-05
176    4.15720572e-14
177    1.31734155e-06
178    -7.57843847e-16
179    2.25252447e-06
180    -7.31589655e-16
181    4.60467116e-06
182    1.55025942e-05
183    -2.85550974e-05
184    -5.72568764e-05
185    -8.32808218e-06
186    -6.80884558e-16
187    0.000207440816
188    -0.000323389219
189    2.78593796e-05
190    -8.43132555e-17
191    -5.66736363e-05
192    -0.000121487085
193    -0.000464997814
194    6.31908732e-17
195    -0.001878232
196    0.000983572425
197    0.000890688525
198    -1.73344857e-13
199    0.000301419523
200    -0.000172242689
201    0.000353223746
202    -2.71513311e-13
203    2.28511041e-06
204    1.21450832e-15
205    1.4731162e-06
206    1.80384758e-15
207    0.000190792321
208    2.10784121e-06
209    -7.45959124e-06
210    1.35290011e-05
211    -1.36689739e-05
212    -1.54648034e-15
213    5.85915901e-05
214    -8.5038916e-05
215    9.1459346e-05
216    8.86135883e-16
217    -0.000157074973
218    0.000791985372
219    -0.000165274887
220    -1.02772487e-14
221    0.00459640358
222    0.00140949314
223    -0.000472247792
224    2.38213428e-13
225    0.00073958685
226    0.000241891146
227    -0.00114120969
228    4.11575064e-13
229    -4.48546185e-05
230    1.71475131e-16
231    5.00154602e-07
232    1.15355233e-15
233    -3.94796827e-05
234    6.26855933e-07
235    -4.62039783e-06
236    5.31259567e-06
237    -6.56539143e-07
238    -3.62660612e-16
239    3.29525294e-05
240    -4.19230339e-05
241    2.13744495e-06
242    4.77844848e-15
243    -0.000496158526
244    0.00040233045
245    2.79066332e-05
246    -1.36093189e-15
247    -0.00346478334
248    0.00114809437
249    0.000292700647
250    -1.71928574e-13
251    0.000267621343
252    2.44687995e-05
253    0.000754761116
254    -2.39662872e-13
255    -1.11146824e-05
256    8.87063189e-16
257    -1.304221e-06
258    6.300712e-16
259    1.96187086e-05
260    1.54573875e-05
261    -2.57115063e-05
262    1.85076931e-05
263    5.33694014e-05
264    -6.92203654e-16
265    0.000184225866
266    1.42858496e-05
267    0.000337633716
268    -5.7461342e-15
269    -0.000262390133
270    0.000145403156
271    -8.57543495e-06
272    -1.78997448e-15
273    -8.76605722e-05
274    -0.00010955903
275    1.03602898e-05
276    -5.65983823e-15
277    -0.000950836379
278    -0.000304963048
279    0.000112500915
280    2.42586557e-15
281    1.99648423e-05
282    -2.83857987e-16
283    7.4240096e-06
284    -1.537932e-15
285    -0.000198527949
286    0.000238749072
287    8.70015927e-05
288    0.000189761275
289    0.000392327683
290    8.51940619e-05
291    -9.15369179e-05
292    -7.28904696e-16
293    8.33264397e-06
294    0.000163388709
295    -2.94426546e-05
296    -0.000136906493
297    5.73002354e-05
298    4.27308911e-05
299    -1.15803809e-15
300    3.3078332e-07
301    5.70230379e-06
302    -3.03609803e-05
303    -0.000123381177
304    -1.53462402e-06
305    -2.59716208e-06
306    1.29796134e-15
307    1.61437018e-06
308    -1.94924654e-05
309    -3.69633729e-05
310    7.11822561e-05
311    -1.63878217e-06
312    -4.67031463e-06
313    -1.24077255e-16
314    1.03396477e-06
315    9.60048736e-06
316    -3.61055361e-05
317    -0.000149713347
318    6.39441775e-07
319    -1.70034606e-06
320    4.32788713e-16
[5D]